{"front":[{"distance":616.992780665665,"trucks":[[9,8,54,12,39,11,32],[52,17,50,25,19,51,26,10,40],[46,30,6,16,21,38,37,48,49],[35,53,28,14,55,20,15,36,47],[5,31,22,29,23,43,42,44],[13,41,33,45,4,24,2,34],[27,18,7,3]],"fuel":857.9046185759372},{"distance":617.6598572679871,"trucks":[[9,8,54,12,39,11,32],[52,17,50,25,19,51,26,10,40],[46,30,6,16,21,38,37,48,49],[35,47,53,28,14,55,20,15,36],[5,31,22,29,23,43,42,44],[13,41,33,45,4,24,2,34],[27,18,7,3]],"fuel":851.3607192734203}],"Optimal":568,"benchmark":"P-n55-k7"}