{"benchmark":"B-n78-k10","front":[{"trucks":[[2,53,25,22,44,68,70,59],[51,40,56,34,14,49,29,62],[76,30,58,8,77,33,74,35],[10,20,75,5,36,60,37,15,42],[26,19,17,67,61,69,54,11],[43,7,63,55,21,4,32],[3,28,66,52,16],[48,64,6,31,71,38,50],[57,9,72,23,13,47,46],[18,73,39,78,24,45,27,12,65,41]],"fuel":1848.3059404225696,"distance":1316.4069508487003},{"trucks":[[2,53,25,22,44,68,70,59],[51,40,56,34,14,49,29,62],[76,30,58,8,77,33,74,35],[10,20,75,5,36,60,37,15,42],[26,19,17,67,61,69,54,11],[43,7,63,55,21,4,32],[3,28,66,52,16],[50,64,6,31,71,38,48],[57,9,72,23,13,47,46],[18,73,39,78,24,45,27,12,65,41]],"fuel":1847.0081513803157,"distance":1316.8947842274824},{"trucks":[[2,53,25,22,44,68,70,59],[51,40,34,56,14,49,29,62],[76,30,58,8,77,33,74,35],[10,20,75,5,36,60,37,15,42],[26,19,17,67,61,69,54,11],[43,7,63,55,21,4,32],[3,28,66,52,16],[50,64,6,31,71,38,48],[57,9,72,23,13,47,46],[18,73,39,78,24,45,27,12,65,41]],"fuel":1846.288432222324,"distance":1317.0152642482874},{"trucks":[[2,53,25,22,44,68,70,59],[62,51,40,49,14,34,56,29],[76,30,58,8,77,33,74,35],[10,20,75,5,36,60,37,15,42],[26,19,17,67,61,69,54,11],[43,7,63,55,21,4,32],[3,28,66,52,16],[50,64,6,31,71,38,48],[57,9,23,72,13,47,46],[18,73,39,78,24,45,27,12,65,41]],"fuel":1845.5077248024747,"distance":1317.5252441059708},{"trucks":[[2,53,25,22,44,68,70,59],[51,40,49,14,34,56,29,62],[76,30,58,8,77,33,74,35],[10,20,75,5,36,60,37,15,42],[26,19,11,54,69,61,67,17],[43,7,63,55,21,4,32],[3,28,66,52,16],[50,64,6,31,71,38,48],[57,9,72,23,13,47,46],[18,73,39,78,24,45,27,12,65,41]],"fuel":1845.4826428016759,"distance":1317.6320222924821},{"trucks":[[2,53,25,22,44,68,70,59],[51,40,49,14,56,34,29,62],[76,30,58,8,77,33,74,35],[10,20,75,5,36,60,37,15,42],[26,19,17,67,61,69,54,11],[43,7,63,55,21,4,32],[3,28,66,52,16],[50,64,6,31,71,38,48],[57,9,72,23,13,47,46],[18,73,39,78,24,45,27,12,65,41]],"fuel":1845.4758490649133,"distance":1318.0261355546863},{"trucks":[[2,53,25,22,44,68,70,59],[51,40,49,14,34,56,29,62],[76,30,58,8,77,33,74,35],[10,20,75,5,36,60,37,15,42],[26,19,17,67,61,69,54,11],[43,7,63,55,21,4,32],[3,28,66,52,16],[50,64,6,31,71,38,48],[57,9,72,23,13,47,46],[18,73,39,78,24,45,27,12,65,41]],"fuel":1844.6009469365188,"distance":1318.0484587295455},{"trucks":[[2,53,25,22,44,68,70,59],[51,40,49,14,34,56,29,62],[76,30,58,8,77,33,74,35],[10,20,75,5,60,36,37,15,42],[26,19,17,67,61,69,54,11],[43,7,63,55,21,4,32],[3,28,66,52,16],[50,64,6,31,71,38,48],[57,9,72,23,13,47,46],[18,73,39,78,24,45,27,12,65,41]],"fuel":1844.5142548420213,"distance":1319.76338385747}],"Optimal":1221}