{"benchmark":"A-n33-k6","Optimal":742,"front":[{"fuel":1037.3380988652734,"distance":747.7145050012358,"trucks":[[5,9,4,3,16,10,21],[29,28,31,17,26],[2,8,20,7,19],[33,11,18,12,30,15],[14,6,23,27,25,24,32],[22,13]]},{"fuel":1033.3243963424636,"trucks":[[5,9,4,3,16,10,21],[29,28,31,17,26],[2,19,7,20,8],[33,11,18,12,30,15],[14,6,23,27,25,24,32],[22,13]],"distance":748.0098985890506},{"distance":748.2237182100821,"trucks":[[5,9,4,3,16,10,21],[29,28,31,17,26],[2,19,7,8,20],[33,11,18,12,30,15],[14,6,23,27,25,24,32],[22,13]],"fuel":1032.4395347000382},{"trucks":[[5,9,4,3,16,10,21],[29,26,17,31,28],[2,19,7,20,8],[33,11,18,12,30,15],[14,6,23,27,25,24,32],[22,13]],"fuel":1030.5024988202804,"distance":749.1326855301552},{"trucks":[[5,9,4,3,16,10,21],[29,26,17,31,28],[2,19,7,8,20],[33,11,18,12,30,15],[14,6,23,27,25,24,32],[22,13]],"distance":749.3465051511866,"fuel":1029.617637177855},{"fuel":1029.0487084162962,"trucks":[[5,9,4,3,16,10,21],[29,28,31,17,26],[2,19,7,20,8],[33,15,18,12,30],[14,6,23,27,25,24,32],[22,13,11]],"distance":756.0736772299061},{"trucks":[[5,9,4,3,16,10,21],[29,28,31,17,26],[2,19,7,8,20],[33,15,18,12,30],[14,6,23,27,25,24,32],[22,13,11]],"distance":756.2874968509376,"fuel":1028.1638467738708},{"fuel":1026.8259140225173,"distance":756.9904510441709,"trucks":[[5,9,4,3,16,10,21],[29,26,17,31,28],[2,19,7,20,8],[33,15,18,12,30,11],[14,6,23,27,25,24,32],[22,13]]},{"distance":757.1964641710107,"fuel":1026.226810894113,"trucks":[[5,9,4,3,16,10,21],[29,26,17,31,28],[2,19,7,20,8],[33,15,18,12,30],[14,6,23,27,25,24,32],[22,13,11]]},{"trucks":[[5,9,4,3,16,10,21],[29,26,17,31,28],[2,19,7,8,20],[33,15,18,12,30],[14,6,23,27,25,24,32],[22,13,11]],"fuel":1025.3419492516875,"distance":757.4102837920422}]}