{"benchmark":"M-n200-k17","Optimal":1373,"front":[{"fuel":2101.5894846578844,"trucks":[[3,179,145,58,16,44,15,120,45,193,143,43,173,98],[116,146,42,23,134,76,57,187,24,40,140,188,166,56],[147,53,154,107,195,8,183,149,63,160,190,89],[4,159,80,130,170,79,35,165,136,36,162,10],[60,86,62,142,192,92,194,101,38,99,93,152],[199,111,5,156,131,55,135,164,25,30,122,151,81,117],[123,31,161,129,21,189,67,66,137,72,104,52],[49,124,20,108,176,12,91,127,64,182,33,132],[27,181,150,196,180,73,198,75,172,74,22,41],[90,167,19,83,46,114,18,174,85,6,119,61,84],[200,126,115,9,175,47,125,169,48,37,144,50,65],[148,7,184,95,100,105,94,17,87,39,141],[168,128,191,32,11,109,71,102,163,70,133,177],[77,197,78,186,82,121,34,158,103,51,2],[139,155,13,185,69,178,110,26,171,68],[54,106,59,153,138,88,118,96,97,14,113],[157,28,112,29]],"distance":1493.3502544289256},{"distance":1494.8381101548832,"trucks":[[3,179,145,58,16,44,15,120,45,193,143,43,173,98],[116,146,42,23,134,76,57,187,24,40,140,188,166,56],[147,53,154,107,195,8,183,149,63,160,190,89],[4,159,80,130,170,79,35,165,136,36,162,10],[60,152,93,99,38,101,194,92,192,142,62,86],[199,111,5,156,131,55,135,164,25,30,122,151,81,117],[123,31,161,129,21,189,67,66,137,72,104,52],[49,124,20,108,176,12,91,127,64,182,33,132],[27,181,150,196,180,73,198,75,172,74,22,41],[90,167,19,83,46,114,18,174,85,6,119,61,84],[200,126,115,9,175,47,125,169,48,37,144,50,65],[148,7,184,95,100,105,94,17,87,39,141],[168,128,191,32,11,109,71,102,163,70,133,177],[77,197,78,186,82,121,34,158,103,51,2],[139,155,13,185,69,178,110,26,171,68],[54,106,59,153,138,88,118,96,97,14,113],[157,28,112,29]],"fuel":2101.446123913372},{"trucks":[[3,179,58,145,173,43,143,15,120,45,192,142,62],[41,22,74,172,75,198,57,187,24,40,140,188,56],[147,53,154,107,195,83,8,183,149,63,160,190,89],[4,159,80,130,170,79,35,165,136,36,162,10],[95,152,93,38,99,86,92,194,101,193,44,16,98],[199,111,5,156,166,131,55,135,164,25,30,122,151,81,117],[123,31,161,129,21,189,67,66,137,72,104,52],[49,124,20,108,176,12,91,127,64,182,33,132],[27,181,150,196,180,73,76,134,23,42,146,116],[90,167,19,61,119,6,85,174,114,18,46,200,84],[126,115,9,175,47,125,169,48,37,144,50,65],[148,7,184,60,100,105,94,17,87,39,141],[168,128,191,32,11,109,71,102,163,70,133,177],[77,197,78,186,82,121,34,158,103,51,2],[139,155,13,185,69,110,178,26,171,68],[54,106,59,153,138,88,118,96,97,14,113],[157,28,112,29]],"fuel":2088.4341272102506,"distance":1504.7939731929202}]}