{"benchmark":"A-n80-k10","front":[{"trucks":[[47,26,42,16,34,56,57,70,66,36,27,20,48,65],[63,24,13,45,6,18,30],[21,76,58,62,17,44,69,9,79,25],[78,40,61,32,28,60,31,7],[54,68,67,71,77,73,75,4,52],[14,64,12,35,80,29,53],[11,72,15,49,19,3,38],[51,46,23,33,5,10,55],[41,22,8,2],[50,74,39,59,37,43]],"fuel":2718.2478988632156,"distance":1902.0072718036163},{"fuel":2708.6970686254326,"distance":1903.9236262869713,"trucks":[[47,26,42,16,34,56,57,70,66,36,27,20,48,65],[63,24,13,45,6,75,30],[21,76,58,62,17,44,69,9,79,25],[78,61,18,32,28,60,31,7],[54,67,68,71,77,73,40,4,52],[14,64,12,35,80,29,53],[11,72,15,49,19,3,38],[51,46,23,33,5,10,55],[41,22,8,2],[50,74,43,37,59,39]]},{"trucks":[[47,26,42,16,34,56,57,70,66,36,27,20,48,65],[63,24,13,45,6,75,30],[21,76,58,62,17,44,69,9,79,25],[78,61,18,32,28,60,31,7],[54,67,68,71,77,73,40,4,52],[14,64,12,35,80,29,53],[11,72,15,49,19,3,38],[51,46,23,33,5,10,55],[41,22,8,2],[50,74,43,37,39,59]],"distance":1905.1119631234612,"fuel":2707.9040495151335},{"distance":1907.8121685115684,"fuel":2707.650543049114,"trucks":[[65,47,26,42,16,34,56,57,70,66,36,27,20,48],[63,24,13,45,6,75,30],[21,76,58,62,17,44,69,9,79,25],[78,61,18,32,28,60,31,7],[54,67,68,71,77,73,40,4,52],[14,64,12,35,80,29,53],[11,72,15,49,19,38,3],[51,46,23,33,5,10,55],[41,22,8,2],[50,74,43,37,59,39]]},{"fuel":2705.8890691958154,"distance":1910.063975147959,"trucks":[[52,65,47,26,42,16,34,56,57,70,66,36,27,20,48],[63,24,13,45,6,18,30],[21,76,58,62,17,44,69,9,79,25],[78,40,61,32,28,60,31,7],[54,68,67,71,77,73,75,4],[14,64,12,35,80,29,53],[11,72,15,49,19,3,38],[51,46,23,33,5,10,55],[41,22,8,2],[50,74,43,37,59,39]]},{"distance":1910.218005337969,"fuel":2703.426878452718,"trucks":[[52,65,47,26,42,16,34,56,57,70,66,36,27,20,48],[63,24,13,45,6,18,30],[21,76,58,62,17,44,69,9,79,25],[78,40,61,32,28,60,31,7],[54,4,75,73,77,71,67,68],[14,64,12,35,80,29,53],[11,72,15,49,19,3,38],[51,33,46,23,5,10,55],[41,22,8,2],[50,74,43,37,39,59]]},{"fuel":2702.8046213022576,"distance":1912.1977214934584,"trucks":[[65,47,26,42,16,34,56,57,70,66,36,27,20,48],[63,24,13,45,6,18,30],[21,76,58,62,17,44,69,9,79,25],[52,78,40,61,32,28,60,31,7],[54,4,75,73,77,71,68,67],[14,64,12,35,80,29,53],[11,72,15,49,19,3,38],[51,46,23,33,5,10,55],[41,22,8,2],[50,74,43,37,39,59]]},{"distance":1915.6436580974103,"trucks":[[52,65,47,26,42,16,34,56,57,70,66,36,27,20,48],[63,24,13,45,6,18,30],[21,76,58,62,17,44,69,9,79,25],[78,40,61,32,28,60,31,7],[54,4,75,73,77,71,67,68],[14,64,12,53,29,80,35],[11,72,15,49,19,3,38],[51,46,23,33,5,10,55],[41,22,8,2],[50,74,43,37,39,59]],"fuel":2702.168788983954}],"Optimal":1763}