{"benchmark":"P-n70-k10","Optimal":827,"front":[{"fuel":1250.6156468684587,"trucks":[[50,25,19,51,26,56,32,40],[69,3,63,23,65,43,64,17],[46,30,6,38,37,70,61,21,16],[13,41,10,33,45,4],[54,15,60,20,55,14,58],[59,11,39,66,67,8],[28,53,47,9,36,12],[31,49,48,22,62,29],[5,35,68,27,18,52],[7,34,2,44,42,57,24]],"distance":887.1985465076696},{"trucks":[[50,25,19,51,26,56,32,40],[69,3,63,23,65,43,64,17],[46,30,6,38,37,70,61,21,16],[13,41,10,33,45,4],[54,15,60,20,55,14,58],[59,11,39,66,67,8],[47,53,28,9,36,12],[31,49,48,22,62,29],[5,35,68,27,18,52],[7,34,2,44,42,57,24]],"distance":888.223391973765,"fuel":1249.244643931481}]}