{"front":[{"distance":902.2720410015601,"fuel":1307.1526546802515,"trucks":[[4,33,51,19,56,26,10,40],[22,48,37,70,72,61,71,21,38,16],[17,25,50,24,57,42,43,44,64],[36,54,12,67,66,39],[35,47,53,55,14,28,5],[13,59,11,32,73,41,45],[3,31,46,30,49,6,58],[75,29,62,23,65,2,74,63],[68,9,20,60,15,8],[76,69,7,34,52,18,27]]},{"distance":903.7590528827643,"fuel":1304.6886043850764,"trucks":[[4,33,51,19,56,26,10,40],[22,48,37,70,72,61,71,21,38,16],[17,64,44,43,42,57,24,50,25],[36,54,12,67,66,39],[35,47,53,55,14,28,5],[13,59,11,32,73,41,45],[3,31,46,30,49,6,58],[75,29,62,65,23,2,74,63],[68,9,20,60,15,8],[76,69,7,34,52,18,27]]},{"distance":905.1098543879428,"fuel":1301.141686684097,"trucks":[[4,33,51,19,56,26,10,40],[22,48,37,70,72,61,71,21,38,16],[17,64,44,43,42,57,24,50,25],[36,54,12,67,66,39],[35,47,53,55,14,28,5],[13,59,11,32,73,41,45],[3,31,46,30,49,6,58],[75,29,62,23,65,2,74,63],[68,9,20,15,60,8],[76,69,7,34,52,18,27]]},{"distance":908.5678629169317,"fuel":1298.5238438406157,"trucks":[[4,33,51,19,56,26,10,40],[22,48,37,70,72,61,71,21,38,16],[17,64,44,43,42,57,24,50,25],[36,54,12,67,66,39],[5,35,47,53,55,14,28],[13,59,11,32,73,41,45],[3,31,46,30,49,6,58],[75,29,62,65,23,2,74,63],[68,9,20,15,60,8],[76,69,7,34,52,18,27]]},{"distance":910.2123222292321,"fuel":1297.0355415129936,"trucks":[[4,33,51,19,56,26,10,40],[22,48,37,70,72,61,71,21,38,16],[17,64,44,43,42,57,24,50,25],[36,54,12,67,66,39],[5,35,47,53,28,14,55],[13,59,11,32,73,41,45],[3,31,46,30,49,6,58],[75,29,62,65,23,2,74,63],[68,9,20,15,60,8],[76,69,7,34,52,18,27]]},{"distance":918.4393766077935,"fuel":1296.5837589799119,"trucks":[[4,33,51,19,56,26,10,40],[22,48,37,70,72,61,71,21,38,16],[17,64,44,43,42,57,24,50,25],[36,54,12,67,66,39],[5,35,47,53,28,14,55],[13,59,11,32,73,41,45],[3,31,46,30,49,6,58],[75,29,63,74,2,23,65,62],[68,9,20,15,60,8],[76,69,7,34,52,18,27]]}],"Optimal":830,"benchmark":"E-n76-k10"}