{"benchmark":"B-n66-k9","front":[{"distance":1356.6307532737228,"trucks":[[60,45,65,64,47,27],[12,58,39,20,36,57,44,14,32,46],[48,62,26,63,17,29,51],[21,18,24,19,54,53],[42,55,56,52,35,23],[43,34,66,9,41,59,33],[28,15,40,30,4,22,5,61,16,6],[10,50,13,25,7],[2,8,31,38,49,11,3,37]],"fuel":1933.1702424262844},{"distance":1356.782907654579,"fuel":1933.0161880943813,"trucks":[[60,45,65,64,47,27],[12,58,39,20,36,57,44,14,32,46],[48,62,26,63,17,29,51],[21,18,19,24,54,53],[42,55,56,52,35,23],[43,34,66,9,41,59,33],[28,15,40,30,4,22,5,61,16,6],[10,50,13,25,7],[2,8,31,38,49,11,3,37]]},{"trucks":[[60,45,65,64,47,27],[12,58,39,20,36,57,44,14,32,46],[48,62,26,63,17,29,51],[21,18,24,19,54,53],[42,55,56,52,35,23],[43,34,66,9,41,59,33],[28,6,16,61,5,22,4,30,40,15],[10,50,13,25,7],[2,8,31,38,49,11,3,37]],"fuel":1928.9450518837455,"distance":1357.071079299127},{"distance":1357.5989623750218,"trucks":[[60,65,45,64,47,27],[46,32,12,58,39,20,36,57,44,14],[48,62,26,63,17,29,51],[21,18,24,19,54,53],[42,55,56,52,35,23],[43,34,66,9,41,59,33],[28,6,16,61,5,22,4,30,40,15],[10,50,13,25,7],[2,8,31,38,49,11,3,37]],"fuel":1927.6765068826069},{"trucks":[[60,65,45,64,47,27],[46,32,12,58,39,20,36,57,44,14],[51,29,48,62,26,63,17],[21,18,24,19,54,53],[42,55,56,52,35,23],[43,34,66,9,41,59,33],[28,6,16,61,5,22,4,30,40,15],[10,50,13,25,7],[2,8,31,38,49,11,3,37]],"distance":1358.8238337176533,"fuel":1927.093342687607},{"trucks":[[31,60,65,45,64,47,27],[12,58,39,20,36,57,44,14,32,46],[51,48,62,63,17,29],[53,54,21,18,19,24],[42,55,56,52,35,23],[6,34,66,9,41,59,33],[43,28,15,40,30,4,22,5,61,16],[10,50,13,25,7],[2,8,38,26,49,11,3,37]],"fuel":1926.7835556852608,"distance":1366.4458433635925},{"fuel":1926.7498927549411,"trucks":[[31,60,65,45,64,47,27],[12,58,39,20,36,57,44,14,46,32],[51,48,62,17,63,29],[53,54,21,18,19,24],[42,55,56,52,35,23],[6,34,66,9,41,59,33],[43,28,15,40,30,4,22,5,61,16],[10,50,13,25,7],[2,8,38,26,49,11,3,37]],"distance":1366.6139453046094},{"fuel":1925.9993256183568,"trucks":[[31,60,65,45,64,47,27],[46,32,12,58,39,20,36,57,44,14],[51,48,62,63,17,29],[21,18,19,24,54,53],[42,55,56,52,35,23],[6,34,66,9,41,59,33],[43,28,15,40,30,4,22,5,61,16],[10,50,13,25,7],[2,8,38,26,49,11,3,37]],"distance":1366.6643741512025},{"trucks":[[60,65,45,64,47,27],[46,32,12,58,39,20,36,57,44,14],[51,48,62,63,17,29],[53,54,21,18,19,24],[42,55,56,52,35,23],[6,34,66,9,41,59,33],[43,28,15,40,30,4,22,5,61,16],[10,50,13,25,7],[2,8,31,38,26,49,11,3,37]],"distance":1366.9401343758789,"fuel":1925.5212782971923},{"fuel":1925.5150106841222,"trucks":[[31,60,65,45,64,47,27],[46,32,12,58,39,20,36,57,44,14],[51,48,62,63,17,29],[53,54,21,18,19,24],[42,55,56,52,35,23],[6,34,66,9,41,59,33],[43,28,15,40,30,4,22,5,61,16],[10,50,13,25,7],[2,8,38,26,49,11,3,37]],"distance":1366.9737264394876},{"trucks":[[60,65,45,64,47,27],[46,32,12,58,39,20,36,57,44,14],[51,48,62,17,63,29],[53,54,21,18,19,24],[42,55,56,52,35,23],[6,34,66,9,41,59,33],[43,28,15,40,30,4,22,5,61,16],[10,50,13,25,7],[2,8,31,38,26,49,11,3,37]],"fuel":1925.4764292165135,"distance":1367.0877150105418},{"trucks":[[31,60,65,45,64,47,27],[46,32,12,58,39,20,36,57,44,14],[51,48,62,17,63,29],[53,54,21,18,19,24],[42,55,56,52,35,23],[6,34,66,9,41,59,33],[43,28,15,40,30,4,22,5,61,16],[10,50,13,25,7],[2,8,38,26,49,11,3,37]],"distance":1367.1213070741503,"fuel":1925.4701616034433},{"trucks":[[31,60,65,45,64,47,27],[46,32,12,58,39,20,36,57,44,14],[51,48,62,63,17,29],[53,54,21,18,19,24],[42,55,56,52,35,23],[6,34,66,9,41,59,33],[43,28,15,40,30,4,22,16,61,5],[10,50,13,25,7],[2,8,38,26,49,11,3,37]],"fuel":1925.3787106771838,"distance":1367.6678879353974},{"trucks":[[31,60,65,45,64,47,27],[46,32,12,58,39,20,36,57,44,14],[51,48,62,17,63,29],[53,54,21,18,19,24],[42,55,56,52,35,23],[6,34,66,9,41,59,33],[43,28,15,40,30,4,22,16,61,5],[10,50,13,25,7],[2,8,38,26,49,11,3,37]],"fuel":1925.333861596505,"distance":1367.8154685700601},{"fuel":1925.3005705582282,"distance":1368.6843003910033,"trucks":[[60,45,65,64,47,27],[46,32,12,58,39,20,36,57,44,14],[51,48,62,63,17,29],[53,54,21,18,19,24],[42,55,56,52,35,23],[6,34,66,9,41,59,33],[43,28,15,40,30,4,22,16,61,5],[50,10,13,25,7],[2,8,31,38,26,49,11,3,37]]},{"trucks":[[31,60,65,45,64,47,27],[46,32,12,58,39,20,36,57,44,14],[51,48,62,63,17,29],[53,54,21,18,19,24],[42,55,56,52,35,23],[6,34,66,9,41,59,33],[43,28,15,40,30,4,22,16,61,5],[50,10,13,25,7],[2,8,38,26,49,11,3,37]],"fuel":1925.294302945158,"distance":1368.717892454612},{"distance":1368.8654730892747,"trucks":[[31,60,45,65,64,47,27],[46,32,12,58,39,20,36,57,44,14],[51,48,62,17,63,29],[53,54,21,18,19,24],[42,55,56,52,35,23],[6,34,66,9,41,59,33],[43,28,15,40,30,4,22,16,61,5],[50,10,13,25,7],[2,8,38,26,49,11,3,37]],"fuel":1925.2494538644792}],"Optimal":1316}