{"Optimal":1316,"front":[{"fuel":1927.3520903065312,"trucks":[[46,32,14,57,23,44,35,52],[21,54,55,19,24,18],[28,15,40,30,4,22,16,61,5,66,34],[50,13,25,37,10],[42,53,56,12,20,36,39,58],[31,60,45,65,64,47,27],[48,17,63,26,49,38,62],[2,8,51,29,11,3,7],[43,6,9,41,59,33]],"distance":1348.686902815586},{"fuel":1925.481963688819,"trucks":[[46,32,14,57,23,44,35,52],[21,54,55,19,24,18],[28,15,40,30,4,22,16,61,5,66,34],[50,13,25,37,10],[42,53,56,12,58,39,36,20],[31,60,45,65,64,47,27],[48,17,63,26,49,38,62],[2,8,51,29,11,3,7],[43,6,9,41,59,33]],"distance":1349.1744985700257},{"trucks":[[46,32,14,57,23,44,35,52],[21,54,55,19,24,18],[28,15,40,30,4,22,16,61,5,66,34],[50,13,25,37,10],[42,53,56,12,58,39,36,20],[31,60,45,65,64,47,27],[48,62,38,49,26,63,17],[2,8,51,29,11,3,7],[43,6,9,41,59,33]],"distance":1349.4079699758522,"fuel":1924.4496370537474},{"fuel":1915.312036461842,"trucks":[[46,32,14,57,23,44,35,52],[21,54,55,19,24,18],[43,28,15,40,30,4,22,16,61,5,34],[50,13,25,37,10],[42,53,56,12,58,39,36,20],[31,60,65,45,64,47,27],[48,62,38,26,49,63,17],[2,8,51,29,11,3,7],[6,66,9,41,59,33]],"distance":1351.8367776092196},{"trucks":[[46,32,14,57,23,44,35,52],[21,54,55,19,24,18],[43,28,15,40,30,4,22,16,61,5,34],[25,13,50,10,37],[42,53,56,12,58,39,36,20],[31,60,65,45,64,47,27],[48,17,63,49,26,38,62],[2,8,51,29,11,3,7],[6,66,9,41,59,33]],"fuel":1910.6735011940293,"distance":1358.234024083026},{"trucks":[[46,32,14,57,23,44,35,52],[21,54,55,19,24,18],[43,28,15,40,30,4,22,16,61,5,34],[25,13,50,10,37],[42,53,56,12,58,39,36,20],[31,60,65,45,64,47,27],[48,62,38,26,49,63,17],[2,8,51,29,11,3,7],[6,66,9,41,59,33]],"distance":1358.4674954888526,"fuel":1909.6411745589578}],"benchmark":"B-n66-k9"}