{"benchmark":"B-n51-k7","Optimal":1032,"front":[{"fuel":1542.8628582461915,"trucks":[[22,45,10,50,31,25,23,47,26],[49,34,20,4,36,35,39],[48,46,16,51,24,21,2],[12,5,44,27,29,8,7],[6,40,30,14,43,15],[42,28,32,33,38,13,9],[37,41,18,11,3,17,19]],"distance":1065.2005833371209},{"trucks":[[22,45,10,50,31,25,23,47,26],[34,49,20,4,36,35,39],[48,46,16,51,24,21,2],[12,5,44,27,29,8,7],[6,40,30,14,43,15],[42,28,32,33,38,13,9],[37,41,18,11,3,17,19]],"distance":1065.5675348294376,"fuel":1542.6024029294674}]}