{"front":[{"trucks":[[49,34,20,4,36,2,21],[5,12,44,27,15,29,7],[42,33,38,13,9,32,28],[16,24,51,48,46,26,47,23,25],[19,40,30,14],[6,37,41,17,3,39,35,11,18],[31,50,10,45,22,43,8]],"distance":1087.544348912134,"fuel":1580.973338988203},{"distance":1087.5983526836208,"fuel":1579.3288885554834,"trucks":[[49,34,20,4,36,2,21],[5,12,44,27,29,15,7],[42,33,38,13,9,32,28],[16,24,51,48,46,26,47,23,25],[19,40,30,14],[6,37,41,17,3,39,35,11,18],[31,50,10,45,22,43,8]]},{"fuel":1577.024465243891,"distance":1091.749696214796,"trucks":[[49,34,20,4,36,2,21],[5,12,44,27,15,29,7],[42,28,32,33,38,13,9],[16,24,51,48,46,26,47,23,25],[19,40,30,14],[6,37,41,17,18,11,3,39,35],[31,50,10,45,22,43,8]]},{"fuel":1575.3800148111713,"trucks":[[49,34,20,4,36,2,21],[5,12,44,27,29,15,7],[42,28,32,33,38,13,9],[16,24,51,48,46,26,47,23,25],[19,40,30,14],[6,37,41,17,18,11,3,39,35],[31,50,10,45,22,43,8]],"distance":1091.8036999862827},{"trucks":[[34,49,20,4,36,2,21],[5,12,44,27,29,15,7],[42,28,32,33,38,13,9],[16,51,24,48,46,26,47,23,25],[19,40,30,14],[6,37,41,17,18,11,3,39,35],[31,50,10,45,22,43,8]],"distance":1092.1706514785994,"fuel":1575.1158899795241},{"distance":1092.3308135119453,"fuel":1574.1019051844169,"trucks":[[34,49,20,4,36,2,21],[12,5,44,27,29,15,7],[42,28,32,33,38,13,9],[16,51,24,48,46,26,47,23,25],[19,40,30,14],[6,37,41,17,18,11,3,39,35],[31,50,10,45,22,43,8]]},{"fuel":1573.742914237861,"trucks":[[49,34,20,4,36,2,31],[5,12,44,27,15,29,7],[42,28,32,33,38,13,9],[16,51,24,48,46,26,25,23,47],[19,40,30,14],[6,37,41,17,18,11,3,39,35],[21,10,50,45,22,43,8]],"distance":1097.9220356156943},{"trucks":[[34,49,20,4,36,2,31],[5,12,44,27,29,15,7],[42,28,32,33,38,13,9],[16,51,24,48,46,26,25,23,47],[19,40,30,14],[6,37,41,17,18,11,3,39,35],[21,10,50,45,22,43,8]],"fuel":1571.8306694585713,"distance":1098.342990879498},{"trucks":[[34,49,20,4,36,2,31],[5,12,44,27,29,15,7],[42,28,32,33,38,13,9],[16,24,51,48,46,26,47,23,25],[19,40,30,14],[6,37,41,17,18,11,3,39,35],[21,10,50,45,22,43,8]],"distance":1098.9449091638162,"fuel":1571.5718542147101},{"distance":1099.0663115536925,"trucks":[[34,49,20,4,36,2,31],[7,12,44,27,29,15,5],[42,28,32,33,38,13,9],[16,51,24,48,46,26,47,23,25],[19,40,30,14],[6,37,41,17,18,11,3,39,35],[21,10,50,45,22,43,8]],"fuel":1571.3863743360748},{"trucks":[[34,49,20,4,36,2,31],[12,5,44,27,29,15,7],[42,28,32,33,38,13,9],[16,51,24,48,46,26,47,23,25],[19,40,30,14],[6,37,41,17,18,11,3,39,35],[21,10,50,45,22,43,8]],"distance":1099.105071197162,"fuel":1570.5578694196029}],"benchmark":"B-n51-k7","Optimal":1032}