{"front":[{"distance":698.7214232884019,"trucks":[[22,29,23,43,42,44,24],[31,49,48,37,38,21,16],[47,36,20,15,12],[46,30,6,14,28,35,9],[5,3,2,34,7],[8,27,13,18,25,50,17],[10,40,32,11,39],[41,19,26,4,45,33]],"fuel":1011.9444755066663},{"trucks":[[8,27,13,18,25,50,17],[5,7,3,2,34],[22,29,23,43,42,44,24],[47,36,20,15,12],[31,49,48,37,38,21,16],[46,30,6,14,28,35,9],[10,40,32,11,39],[41,26,19,4,45,33]],"distance":700.6886999054365,"fuel":1010.0578010933696},{"distance":701.0401980643403,"trucks":[[31,49,48,37,38,21,16],[8,27,13,18,25,50,17],[46,30,6,14,28,35,9],[41,33,10,40,4],[22,29,23,43,42,44,24],[5,34,2,3,7],[47,36,20,15,12],[39,11,32,26,19,45]],"fuel":1005.2606489722874},{"trucks":[[39,11,32,26,19,45],[41,33,10,40,4],[31,49,48,37,38,21,16],[22,29,23,43,42,44,24],[46,30,6,14,28,35,9],[8,27,13,18,25,50,17],[5,7,3,2,34],[47,36,20,15,12]],"fuel":1001.3336101620774,"distance":701.7418831554332},{"distance":704.1216664344312,"fuel":1000.8908590615811,"trucks":[[5,3,7,34,2],[8,27,13,18,25,50,17],[41,33,10,40,4],[31,49,48,37,38,21,16],[22,29,23,43,42,44,24],[46,30,6,14,28,35,9],[47,36,20,15,12],[39,11,32,26,19,45]]},{"fuel":997.2141891467277,"trucks":[[41,45,4,33,26,19],[5,3,7,34,2],[22,29,23,43,42,44,24],[31,49,48,37,38,21,16],[46,30,6,14,28,35,9],[8,27,13,18,25,50,17],[47,36,20,15,12],[10,40,32,11,39]],"distance":704.6324418532355},{"distance":706.7550185051903,"trucks":[[41,45,4,33,26,19],[5,3,7,34,2],[22,29,23,43,42,44,24],[31,49,48,37,38,21,16],[46,30,6,14,28,35,9],[8,27,13,18,17,50,25],[47,36,20,15,12],[10,40,32,11,39]],"fuel":995.5835935885722}],"Optimal":631,"benchmark":"P-n50-k8"}