{"Optimal":1598,"front":[{"trucks":[[2,44,55,46,25,19,29],[15,35,20,53,28,10],[43,12,45,14,40,27],[21,17,24,3,38,8],[6,48,37,22,42,26,52,16,9],[31,50,36,34,49,39,13],[57,23,41,33,7],[4,51,56,32,18,11,47],[30,54,5]],"distance":1661.3835829783695,"fuel":2373.0684053857262},{"trucks":[[2,44,55,46,25,19,29],[15,35,20,53,28,10],[43,12,45,14,40,27],[21,3,24,17,38,8],[6,48,37,22,42,26,52,16,9],[31,50,36,34,49,39,13],[57,23,41,33,7],[4,51,56,32,18,11,47],[30,54,5]],"distance":1661.6563779361254,"fuel":2372.5367432703674},{"trucks":[[2,44,55,46,25,19,29],[15,35,20,53,28,10],[43,12,45,14,40,27],[21,17,24,3,38,8],[6,48,37,22,42,26,52,16,9],[31,50,36,34,49,39,13],[57,23,41,33,7],[4,51,47,11,18,32,56],[30,54,5]],"distance":1662.2976792483412,"fuel":2370.8963983484177},{"trucks":[[2,44,55,46,25,19,29],[15,35,20,53,28,10],[43,12,45,14,40,27],[21,17,24,3,38,8],[6,48,37,22,42,26,52,16,9],[31,50,36,34,49,39,13],[57,23,41,33,7],[4,47,11,18,32,56,51],[30,54,5]],"distance":1662.3551535285899,"fuel":2370.1437567688895},{"trucks":[[2,44,55,46,25,19,29],[15,35,20,53,28,10],[21,12,45,14,17,43],[8,38,3,24,27,40],[6,48,37,22,42,26,52,16,9],[31,50,36,34,49,39,13],[57,23,41,33,7],[4,51,56,32,18,11,47],[30,54,5]],"distance":1662.3687824088674,"fuel":2369.827516411612},{"trucks":[[2,44,55,46,25,19,29],[15,35,20,53,28,10],[43,12,45,14,40,27],[21,3,24,17,38,8],[6,48,37,22,42,26,52,16,9],[31,50,36,34,49,39,13],[57,23,41,33,7],[4,47,11,18,32,56,51],[30,54,5]],"distance":1662.6279484863458,"fuel":2369.6120946535307},{"trucks":[[2,44,55,46,25,19,29],[15,35,20,53,28,10],[21,12,45,14,17,43],[8,38,3,24,27,40],[6,48,37,22,42,26,52,16,9],[31,50,36,34,49,39,13],[57,23,41,33,7],[4,47,11,18,32,56,51],[30,54,5]],"distance":1663.3403529590878,"fuel":2366.9028677947754},{"trucks":[[2,44,55,46,25,19,29],[15,35,20,53,28,10],[21,12,45,14,17,43],[8,38,3,24,27,40],[6,48,37,22,42,26,52,16,9],[31,50,36,34,49,39,13],[57,23,41,33,7],[4,47,11,18,32,56,51],[54,30,5]],"distance":1663.651142518609,"fuel":2366.8967061455323},{"trucks":[[2,44,55,46,25,19,29],[15,35,20,53,28,10],[21,12,45,14,17,43],[8,38,3,24,27,40],[6,48,37,22,42,26,52,16,9],[31,50,36,34,49,39,13],[7,57,23,41,33],[4,47,11,18,32,56,51],[30,54,5]],"distance":1665.3579712589983,"fuel":2366.2582683168357},{"trucks":[[2,44,55,46,25,19,29],[15,35,20,53,28,10],[21,12,45,14,17,43],[8,38,3,24,27,40],[6,48,37,22,42,26,52,16,9],[31,50,36,34,49,39,13],[7,57,23,41,33],[4,47,11,18,32,56,51],[54,30,5]],"distance":1665.6687608185196,"fuel":2366.2521066675927}],"benchmark":"B-n57-k9"}