{"Optimal":1598,"benchmark":"B-n57-k9","front":[{"fuel":2380.5873436491097,"trucks":[[8,3,17,24,27,40],[21,45,14,20,35,15,43],[39,55,44,46,53,25,19],[41,4,47,11,18,32,56],[54,12,38,26,52,16,9],[7,33,51,10,29,28,2],[31,50,36,34,49,13],[48,6,37,22,42,30,5],[57,23]],"distance":1672.5562789381922},{"fuel":2380.291061650804,"trucks":[[8,3,17,24,27,40],[21,15,35,20,14,45,43],[39,55,44,46,53,25,19],[41,4,47,11,18,32,56],[54,12,38,26,52,16,9],[7,33,51,10,29,28,2],[31,50,36,34,49,13],[48,6,37,22,42,30,5],[57,23]],"distance":1673.6337058651707}]}