{"Optimal":696,"front":[{"fuel":1053.3852371478667,"distance":728.1966820235176,"trucks":[[17,24,50,25,19,26,40],[30,48,37,38,21,16,14],[18,45,33,41],[49,6,22,29],[3,23,43,42,44,2],[36,20,15,12],[5,28,46,31],[7,34,4,10],[35,47,9,8,27],[13,32,11,39]]},{"fuel":1048.629350315961,"trucks":[[17,24,50,25,19,26,40],[30,48,37,38,21,16,14],[18,45,33,41],[31,49,22,29],[3,23,43,42,44,2],[36,20,15,12],[5,28,6,46],[7,34,4,10],[35,47,9,8,27],[13,32,11,39]],"distance":728.3441145205217},{"trucks":[[17,24,50,25,19,26,40],[30,48,37,38,21,16,14],[18,41,33,45],[49,6,22,29],[3,23,43,42,44,2],[36,20,15,12],[5,28,46,31],[7,34,4,10],[35,47,9,8,27],[13,32,11,39]],"distance":728.7291678197008,"fuel":1048.0655275751315},{"trucks":[[17,24,50,25,19,26,40],[30,48,37,38,21,16,14],[18,41,33,45],[31,49,22,29],[3,23,43,42,44,2],[36,20,15,12],[5,46,6,28],[7,34,4,10],[35,47,9,8,27],[13,11,32,39]],"fuel":1036.9325582444571,"distance":730.2725240677329},{"fuel":1036.6699222886605,"distance":731.0281201456017,"trucks":[[17,24,50,25,19,26,40],[30,48,37,38,21,16,14],[18,41,33,45],[31,49,22,29],[3,2,44,42,43,23],[36,20,15,12],[5,46,6,28],[7,34,4,10],[35,47,9,8,27],[13,32,11,39]]},{"fuel":1034.615127628061,"distance":733.3894929082126,"trucks":[[17,24,50,25,19,26,40],[30,48,37,38,21,16,14],[18,41,33,45],[31,49,22,29],[3,2,44,42,43,23],[36,20,15,12],[5,46,6,28],[7,34,4,10],[35,47,9,8,27],[13,11,32,39]]}],"benchmark":"P-n50-k10"}