{"front":[{"trucks":[[48,37,22,29,23],[11,39,12],[46,30,6,38,21,16],[2,44,43,42,24,50,25],[8,36,15,20,14,28],[5,49,31,3],[18,45,33,41],[7,34,17,4],[35,47,9,27,13],[10,40,32,26,19]],"fuel":1033.833594905791,"distance":730.0459266695239},{"fuel":1028.5138853330557,"trucks":[[48,37,22,29,23],[11,39,12],[46,30,6,38,21,16],[2,44,43,42,24,50,25],[8,36,15,20,14,28],[5,49,31,3],[18,41,33,45],[7,34,17,4],[35,47,9,27,13],[10,40,32,26,19]],"distance":730.5784124657071},{"distance":731.4801358597236,"fuel":1027.3673592787661,"trucks":[[48,37,22,29,23],[11,39,12],[46,30,6,38,21,16],[2,44,43,42,24,50,25],[8,36,15,20,14,28],[5,31,49,3],[18,41,33,45],[7,34,17,4],[35,47,9,27,13],[10,40,32,26,19]]}],"Optimal":696,"benchmark":"P-n50-k10"}