{"Optimal":696,"front":[{"fuel":1043.453559024245,"distance":743.1714782425771,"trucks":[[39,12,15],[46,30,6,38,21,16],[29,23,43,42,44,24],[47,9,20,36,8],[4,45,33,26,10],[31,49,48,37,3],[41,40,32,11],[18,17,50,25,19,13],[7,34,2,22],[5,28,14,35,27]]},{"fuel":1039.0991107489324,"trucks":[[39,12,15],[46,30,6,38,21,16],[29,23,43,42,44,24],[47,9,20,36,8],[4,45,33,26,10],[3,31,49,48,37],[41,40,32,11],[18,17,50,25,19,13],[7,34,2,22],[5,28,14,35,27]],"distance":744.8763587362099}],"benchmark":"P-n50-k10"}