{"Optimal":696,"front":[{"fuel":1033.1231353074804,"distance":727.0441499148958,"trucks":[[47,9,20,14,35],[2,44,43,42,24,50,25],[48,37,22,29,23],[49,6,38,21,16,30],[4,45,33,19,26,40],[18,41,10,13],[5,28,46,31],[7,17,34,3],[27,39,11,32],[8,12,15,36]]},{"fuel":1030.322368459614,"trucks":[[47,9,20,14,35],[2,44,43,42,24,50,25],[48,37,22,29,23],[49,6,38,21,16,30],[4,45,33,19,26,40],[18,41,10,13],[5,28,46,31],[7,17,34,3],[27,39,11,32],[8,36,15,12]],"distance":727.3597647109605},{"trucks":[[35,47,9,20,14],[2,44,43,42,24,50,25],[48,37,22,29,23],[49,6,38,21,16,30],[4,45,33,19,26,40],[18,41,10,13],[5,28,46,31],[7,17,34,3],[27,39,11,32],[8,12,15,36]],"distance":727.6609063502538,"fuel":1026.9176399371},{"trucks":[[35,47,9,20,14],[2,44,43,42,24,50,25],[48,37,22,29,23],[49,6,38,21,16,30],[4,45,33,19,26,40],[18,41,10,13],[5,28,46,31],[7,17,34,3],[27,39,11,32],[8,36,15,12]],"fuel":1024.1168730892332,"distance":727.9765211463184},{"fuel":1021.9073951983278,"distance":729.2112678914261,"trucks":[[35,47,9,20,14],[2,44,43,42,24,50,25],[48,37,22,29,23],[49,6,38,21,16,30],[4,45,33,19,26,40],[18,41,10,13],[5,28,46,31],[7,3,34,17],[27,39,11,32],[8,36,15,12]]}],"benchmark":"P-n50-k10"}