{"benchmark":"E-n76-k14","Optimal":1021,"front":[{"distance":1088.7021996737913,"fuel":1544.224031276128,"trucks":[[31,22,62,29],[36,20,55,14,58,16,6],[35,47,9,53,28],[18,45,33,41],[4,50,25,19,56,26,51],[27,59,11,39,66],[74,2,44,42,43,23,63],[17,64,24,57,65,69],[52,13,40,10,32,73],[3,75,70,37,48,49],[68,8,54,15],[46,30,21,71,61,72,38],[5,76,7,34],[12,67,60]]},{"distance":1089.2346854699745,"trucks":[[31,22,62,29],[36,20,55,14,58,16,6],[35,47,9,53,28],[18,41,33,45],[4,50,25,19,56,26,51],[27,59,11,39,66],[74,2,44,42,43,23,63],[17,64,24,57,65,69],[52,13,40,10,32,73],[3,75,70,37,48,49],[68,8,54,15],[46,30,21,71,61,72,38],[5,76,7,34],[12,67,60]],"fuel":1538.9043217033925},{"distance":1092.2311901899961,"trucks":[[31,22,62,29],[36,20,55,14,58,16,6],[35,47,9,53,28],[18,41,33,45],[4,50,25,19,56,26,51],[27,59,11,39,66],[74,2,44,42,43,23,63],[17,64,24,57,65,69],[13,40,10,32,73,52],[3,75,48,37,70,49],[68,8,54,15],[46,30,21,71,61,72,38],[5,76,7,34],[12,67,60]],"fuel":1535.7407616008547},{"distance":1093.8352189825864,"fuel":1535.1050048407262,"trucks":[[31,22,62,29],[36,20,55,14,58,16,6],[35,47,9,53,28],[18,41,33,45],[4,50,25,19,51,26,56],[27,59,11,39,66],[74,2,44,42,43,23,63],[17,64,24,57,65,69],[13,40,10,32,73,52],[3,75,70,37,48,49],[68,8,54,15],[46,30,21,71,61,72,38],[5,76,7,34],[12,67,60]]},{"fuel":1535.0973374934993,"trucks":[[31,22,62,29],[36,20,55,14,58,16,6],[35,47,9,53,28],[18,41,33,45],[4,50,25,19,51,26,56],[27,59,11,39,66],[74,2,44,42,43,23,63],[17,64,24,57,65,69],[13,40,10,32,73,52],[3,75,48,37,70,49],[68,8,54,15],[46,30,38,72,61,71,21],[5,76,7,34],[12,67,60]],"distance":1096.8565970829452},{"trucks":[[31,22,62,29],[36,20,55,14,58,16,6],[35,47,9,53,28],[18,41,33,45],[4,50,25,19,51,26,56],[27,59,11,39,66],[74,2,44,42,43,23,63],[17,64,24,57,65,69],[13,40,10,32,73,52],[3,75,48,37,70,49],[68,8,54,15],[46,30,21,71,61,72,38],[5,76,7,34],[12,67,60]],"distance":1096.940284054259,"fuel":1534.2383878555147},{"fuel":1533.2593107754474,"trucks":[[31,22,62,29],[36,20,55,14,58,16,6],[35,47,9,53,28],[18,41,33,45],[4,50,25,19,51,26,56],[27,59,11,39,66],[74,2,44,42,43,23,63],[17,64,24,57,65,69],[13,40,10,32,73,52],[3,75,48,37,70,49],[68,8,54,15],[46,30,21,71,61,72,38],[76,5,7,34],[12,67,60]],"distance":1097.295037715322}]}