{"benchmark":"A-n55-k9","front":[{"distance":1144.9546868923671,"fuel":1618.291264371185,"trucks":[[19,49,51,45,25,53,24],[4,18,35,52,3,34],[7,2,46,44],[43,32,27,21,47,15],[36,10,50,40,48,17],[37,38,16,12,41,39,54],[42,29,55,14,28,20],[22,13,11,6,33,9],[5,8,31,23,26,30]]},{"distance":1145.2960858179615,"trucks":[[19,49,51,45,25,53,24],[4,18,35,52,3,34],[7,46,2,44],[43,32,27,21,47,15],[36,10,50,40,48,17],[37,38,16,12,41,39,54],[42,29,55,14,28,20],[22,13,11,6,33,9],[5,8,31,23,26,30]],"fuel":1611.480728299716},{"fuel":1609.348649885419,"trucks":[[19,49,51,45,25,53,24],[4,18,35,3,52,34],[7,46,2,44],[43,32,27,21,47,15],[36,10,50,40,48,17],[37,38,12,16,41,39,54],[42,29,55,14,28,20],[22,13,11,6,33,9],[5,8,31,23,26,30]],"distance":1145.8738773841767},{"distance":1146.6270938508944,"trucks":[[19,49,51,45,25,53,24],[4,18,35,52,3,34],[7,46,2,44],[43,32,27,21,47,15],[36,10,50,40,48,17],[37,38,12,16,41,39,54],[42,29,20,28,14,55],[22,13,11,6,33,9],[5,8,31,23,26,30]],"fuel":1606.778722286377},{"fuel":1606.1030293712236,"trucks":[[19,49,51,45,25,53,24],[4,18,35,3,52,34],[7,46,2,44],[43,32,27,21,47,15],[36,10,50,40,48,17],[37,38,12,16,41,39,54],[42,29,55,14,28,20],[9,22,13,11,6,33],[5,8,31,23,26,30]],"distance":1146.9159955881833},{"trucks":[[19,49,51,45,25,53,24],[4,18,35,3,52,34],[7,46,2,44],[43,32,27,21,47,15],[36,10,50,40,48,17],[37,38,12,16,41,39,54],[42,29,20,28,14,55],[22,13,11,6,33,9],[5,8,31,23,26,30]],"distance":1147.2048854171094,"fuel":1604.64664387208},{"trucks":[[19,49,51,45,25,53,24],[4,18,35,52,3,34],[7,46,2,44],[43,32,27,21,47,15],[36,10,50,40,48,17],[37,38,12,16,41,39,54],[42,29,20,28,14,55],[9,22,13,11,6,33],[5,8,31,23,26,30]],"distance":1147.6692120549008,"fuel":1603.5331017721817},{"fuel":1601.4010233578845,"trucks":[[19,49,51,45,25,53,24],[4,18,35,3,52,34],[7,46,2,44],[43,32,27,21,47,15],[36,10,50,40,48,17],[37,38,12,16,41,39,54],[42,29,20,28,14,55],[9,22,13,11,6,33],[5,8,31,23,26,30]],"distance":1148.247003621116},{"fuel":1601.0773534792452,"trucks":[[19,49,51,45,25,53,24],[4,18,35,3,52,34],[7,46,2,44],[43,32,27,21,47,15],[36,10,50,40,48,17],[37,38,12,16,41,39,54],[42,29,20,28,14,55],[9,22,13,33,11,6],[5,8,31,23,26,30]],"distance":1151.690518539484}],"Optimal":1073}