{"benchmark":"B-n68-k9","front":[{"fuel":1894.3666394898066,"distance":1326.652181944716,"trucks":[[26,24,40,12,4,30],[46,13,60,17,31,22,55,63,15,6],[50,62,52,23,3,9],[68,37,33,7,59,11,25,19,29,43],[16,57,34,2,32,5,61,36],[66,44,67,14,47,8],[10,49,35,45,27,58,18],[65,28,48,21,53,38,42],[20,39,54,56,41,51,64]]},{"fuel":1894.2294862481479,"distance":1326.799762579379,"trucks":[[26,24,40,12,4,30],[46,13,60,17,31,22,55,63,15,6],[50,52,62,23,3,9],[68,37,33,7,59,11,25,19,29,43],[16,57,34,2,32,5,61,36],[66,44,67,14,47,8],[10,49,35,45,27,58,18],[65,28,48,21,53,38,42],[20,39,54,56,41,51,64]]},{"fuel":1893.4109270737222,"distance":1327.0875107073591,"trucks":[[26,24,40,12,4,30],[46,13,60,17,31,22,55,63,15,6],[50,62,52,23,3,9],[68,37,33,7,59,11,25,19,29,43],[16,57,34,2,32,5,61,36],[66,44,67,14,47,8],[10,49,35,45,27,58,18],[65,28,48,21,53,38,42],[20,51,41,56,54,39,64]]},{"fuel":1893.2737738320634,"distance":1327.235091342022,"trucks":[[26,24,40,12,4,30],[46,13,60,17,31,22,55,63,15,6],[50,52,62,23,3,9],[68,37,33,7,59,11,25,19,29,43],[16,57,34,2,32,5,61,36],[66,44,67,14,47,8],[10,49,35,45,27,58,18],[65,28,48,21,53,38,42],[20,51,41,56,54,39,64]]},{"fuel":1892.5010744034466,"distance":1327.7733587197843,"trucks":[[26,24,40,12,4,30],[46,13,60,17,31,22,55,63,15,6],[50,62,52,23,3,9],[68,37,33,7,59,11,25,19,29,43],[16,57,34,2,32,5,61,36],[66,44,67,14,47,8],[10,49,35,45,27,58,21],[65,28,48,18,53,38,42],[20,51,41,56,54,39,64]]},{"fuel":1892.3639211617876,"distance":1327.9209393544472,"trucks":[[26,24,40,12,4,30],[46,13,60,17,31,22,55,63,15,6],[50,52,62,23,3,9],[68,37,33,7,59,11,25,19,29,43],[16,57,34,2,32,5,61,36],[66,44,67,14,47,8],[10,49,35,45,27,58,21],[65,28,48,18,53,38,42],[20,51,41,56,54,39,64]]}],"Optimal":1272}