{"benchmark":"B-n66-k9","Optimal":1316,"front":[{"fuel":1973.1897834334832,"trucks":[[43,6,15,40,22,30,4,5,16,61],[28,34,66,9,41,59,33],[60,64,47,27,11,37],[21,54,55,19,24,18],[51,29,7,3,17,26,38],[46,32,12,58,39,20,36,23,44,14],[48,63,65,45,49,31,62],[50,25,13,10,8,2],[53,56,57,52,35,42]],"distance":1389.5039712592306},{"fuel":1972.3943099355456,"trucks":[[6,34,66,9,41,59,33],[42,54,55,19,24,56,2],[48,62,17,63,26,29,51],[38,49,60,45,65,64,31,36,20],[8,47,27,11,3,37],[58,12,46,32,57,23,44,14],[25,50,10,13,7],[21,53,18,52,35,39],[43,28,15,40,22,30,4,5,16,61]],"distance":1398.8691097663348},{"fuel":1972.3370240369213,"trucks":[[6,34,66,9,41,59,33],[42,54,55,19,24,56,2],[29,51,48,62,17,63,26],[38,49,60,45,65,64,31,36,20],[8,47,27,11,3,37],[58,12,32,46,57,23,44,14],[25,50,10,13,7],[21,53,18,52,35,39],[43,28,15,40,22,30,4,5,16,61]],"distance":1400.2916494713447},{"fuel":1971.7929554664977,"trucks":[[6,34,66,9,41,59,33],[42,54,55,19,24,56,2],[29,51,48,62,17,63,26],[38,49,60,45,65,64,31,36,20],[8,47,27,11,3,37],[58,12,46,32,57,23,44,14],[25,50,10,13,7],[21,53,18,52,35,39],[43,28,15,40,30,22,4,5,16,61]],"distance":1400.6499879918852}]}