{"benchmark":"M-n200-k16","front":[{"trucks":[[99,38,101,194,92,192,142,45,120,193,15,143,43,173,145],[154,8,124,20,108,176,12,65,50,144,37,48,169,125,47],[200,126,46,18,114,85,174,62,17,87,39,141,44,16,58],[32,191,127,91,161,129,189,21,31,123,71,102,163],[150,196,110,178,81,151,69,122,30,170,79,35,165],[7,93,152,98,88,3,179,116,146,42,23,134,75,172],[138,14,96,60,100,105,94,86,6,61,9],[103,158,34,82,121,10,162,72,137,36,130,56],[55,131,166,26,171,188,140,40,24,187,57,76,118],[27,180,111,199,22,74,73,198,156,5,135,164,25],[53,107,195,183,149,63,160,64,109,11,190],[29,77,197,117,78,4,159,80,186,185,13,139],[147,167,19,84,115,175,83,49,89,128,168,70],[133,177,2,132,33,182,67,66,136,104,52,51],[106,54,153,59,41,181,68,155,112,28],[157,113,148,184,95,97,119,90]],"fuel":2230.304337485284,"distance":1573.2303218464276},{"trucks":[[99,38,101,194,92,192,142,45,120,193,15,143,43,173,145],[154,8,124,20,108,176,12,65,50,144,37,48,169,125,47],[200,126,46,18,114,85,174,62,17,87,39,141,44,16,58],[163,32,191,127,91,161,129,189,21,31,123,71,102],[150,196,110,178,81,151,69,122,30,170,79,35,165],[7,93,152,98,88,3,179,116,146,42,23,134,75,172],[138,14,96,60,100,105,94,86,6,61,9],[103,158,34,82,121,10,162,72,137,36,130,56],[55,131,166,26,171,188,140,40,24,187,57,76,118],[27,180,111,199,22,74,73,198,156,5,135,164,25],[53,107,195,183,149,63,160,64,109,11,190],[139,13,185,77,197,117,78,4,159,80,186,29],[147,167,19,84,115,175,83,49,89,128,168,70],[133,177,2,132,33,182,67,66,136,104,52,51],[106,54,153,59,41,181,68,155,112,28],[157,113,148,184,95,97,119,90]],"distance":1575.4970731990834,"fuel":2229.680869161443},{"trucks":[[99,38,101,194,92,192,142,45,120,193,15,143,43,173,145],[154,8,124,20,108,176,12,65,50,144,37,48,169,125,47],[200,126,46,18,114,85,174,62,17,87,39,141,44,16,58],[32,163,102,71,123,31,21,189,129,161,91,127,191],[150,196,110,178,81,151,69,122,30,170,79,35,165],[7,93,152,98,88,3,179,116,146,42,23,134,75,172],[138,14,96,60,100,105,94,86,6,61,9],[103,158,34,82,121,10,162,72,137,36,130,56],[55,131,166,26,171,188,140,40,24,187,57,76,118],[27,180,111,199,22,74,73,198,156,5,135,164,25],[53,107,195,183,149,63,160,64,109,11,190],[139,13,185,77,197,117,78,4,159,80,186,29],[147,167,19,84,115,175,83,49,89,128,168,70],[133,177,2,132,33,182,67,66,136,104,52,51],[106,54,153,59,41,181,68,155,112,28],[157,113,148,184,95,97,119,90]],"distance":1575.6554679278747,"fuel":2229.5058626847986},{"trucks":[[99,38,101,194,92,192,142,45,120,193,15,143,43,173,145],[154,8,124,20,108,176,12,65,50,144,37,48,169,125,47],[200,126,46,18,114,85,174,62,17,87,39,141,44,16,58],[191,32,163,102,71,123,31,21,189,129,161,91,127],[150,196,110,178,81,151,69,122,30,170,79,35,165],[7,93,152,98,88,3,179,116,146,42,23,134,75,172],[138,14,96,60,100,105,94,86,6,61,9],[103,158,34,82,121,10,162,72,137,36,130,56],[55,131,166,26,171,188,140,40,24,187,57,76,118],[27,180,111,199,22,74,73,198,156,5,135,164,25],[53,107,195,183,149,63,160,64,109,11,190],[139,13,185,77,197,117,78,4,159,80,186,29],[147,167,19,84,115,175,83,49,89,128,168,70],[133,177,2,132,33,182,67,66,136,104,52,51],[106,54,153,59,41,181,68,155,112,28],[157,113,148,184,95,97,119,90]],"distance":1576.134852810606,"fuel":2219.1308015323857},{"trucks":[[99,38,101,194,92,192,142,45,120,193,15,143,43,173,145],[154,8,124,20,108,176,12,65,50,144,37,48,169,125,47],[200,126,46,18,114,85,174,62,17,87,141,39,44,16,58],[191,32,163,102,71,123,31,21,189,129,161,91,127],[150,196,110,178,151,81,69,122,30,170,79,35,165],[7,93,152,98,88,3,179,116,146,42,23,134,75,172],[138,14,96,60,100,105,94,86,6,61,9],[103,158,34,82,121,10,162,72,137,36,130,56],[55,131,166,26,171,188,140,40,24,187,57,76,118],[27,180,111,199,22,74,73,198,156,5,135,164,25],[53,107,195,183,149,63,160,190,11,109,64],[29,139,13,185,77,197,117,78,4,159,80,186],[147,168,70,128,89,49,83,175,115,84,19,167],[133,177,2,132,33,182,67,66,136,104,52,51],[106,54,153,59,41,181,68,155,112,28],[157,113,148,184,95,97,119,90]],"distance":1576.5127957359973,"fuel":2212.609631106716},{"trucks":[[99,38,101,194,92,192,142,45,120,193,15,143,43,173,145],[154,8,124,20,108,176,12,65,50,144,37,48,169,125,47],[200,126,46,18,114,85,174,62,17,87,141,39,44,16,58],[191,32,127,91,161,129,189,21,31,123,71,102,163],[150,196,110,178,151,81,69,122,30,170,79,35,165],[7,93,152,98,88,3,179,116,146,42,23,134,75,172],[138,14,96,60,100,105,94,86,6,61,9],[103,158,34,82,121,10,162,72,137,36,130,56],[55,131,166,26,171,188,140,40,24,187,57,76,118],[27,180,111,199,22,74,73,198,156,5,135,164,25],[53,107,195,183,149,63,160,190,11,109,64],[29,139,13,185,77,197,117,78,4,159,80,186],[147,168,70,128,89,49,83,175,115,84,19,167],[133,177,2,132,33,182,67,66,136,104,52,51],[28,112,155,106,54,153,59,41,181,68],[157,113,148,184,95,97,119,90]],"distance":1577.5875328435973,"fuel":2210.304009570792},{"trucks":[[99,38,101,194,92,192,142,45,120,193,15,143,43,173,145],[154,8,124,20,108,176,12,65,50,144,37,48,169,125,47],[200,126,46,18,114,85,174,62,17,87,141,39,44,16,58],[191,32,163,102,71,123,31,21,189,129,161,91,127],[150,196,110,178,151,81,69,122,30,170,79,35,165],[7,93,152,98,88,3,179,116,146,42,23,134,75,172],[138,14,96,60,100,105,94,86,6,61,9],[103,158,34,82,121,10,162,72,137,36,130,56],[55,131,166,26,171,188,140,40,24,187,57,76,118],[27,180,111,199,22,74,73,198,156,5,135,164,25],[53,107,195,183,149,63,160,64,109,11,190],[29,139,13,185,77,197,117,78,4,159,80,186],[147,168,70,128,89,49,83,175,115,84,19,167],[133,177,2,132,33,182,67,66,136,104,52,51],[28,112,155,106,54,153,59,41,181,68],[157,113,148,184,95,97,119,90]],"distance":1579.6674388297647,"fuel":2204.9874723604376},{"trucks":[[99,38,101,194,92,192,142,45,120,193,15,143,43,173,145],[154,8,124,20,108,176,12,65,50,144,37,48,169,125,47],[200,126,46,18,114,85,174,62,17,87,141,39,44,16,58],[191,32,163,102,71,123,31,21,189,129,161,91,127],[150,196,110,178,151,81,69,122,30,170,79,35,165],[7,152,93,98,88,3,179,116,146,42,23,134,75,172],[138,14,96,60,100,105,94,86,6,61,9],[103,158,34,82,121,10,162,72,137,36,130,56],[55,131,166,26,171,188,140,40,24,187,57,76,118],[27,180,111,199,22,74,73,198,156,5,135,25,164],[53,107,195,183,149,63,160,190,11,109,64],[29,139,13,185,77,197,117,78,4,159,80,186],[90,19,84,115,175,83,49,89,128,70,168,147],[133,177,2,132,33,182,67,66,136,104,52,51],[28,112,155,106,54,153,59,41,181,68],[157,113,148,184,95,97,119,167]],"distance":1581.8777372299396,"fuel":2202.331930698906},{"trucks":[[99,38,101,194,92,192,142,45,120,193,15,143,43,173,145],[154,8,124,20,108,176,12,65,50,144,37,48,169,125,47],[200,126,46,18,114,85,174,62,17,87,141,39,44,16,58],[191,32,163,102,71,123,31,21,189,129,161,91,127],[150,196,110,178,151,81,69,122,30,170,79,35,165],[7,152,93,98,88,3,179,116,146,42,23,134,75,172],[138,14,96,60,100,105,94,86,6,61,9],[103,158,34,82,121,10,162,72,137,36,130,56],[55,131,166,26,171,188,140,40,24,187,57,76,118],[27,180,111,199,22,74,73,198,156,5,135,25,164],[53,107,195,183,149,63,160,190,11,109,64],[29,139,13,185,77,197,117,78,4,159,80,186],[90,167,84,115,175,83,49,89,128,70,168,147],[133,177,2,132,33,182,67,66,136,104,52,51],[28,112,155,106,54,153,59,41,181,68],[157,113,148,184,95,97,119,19]],"distance":1583.9208635060793,"fuel":2201.7573554344467}],"Optimal":1274}