{"front":[{"distance":1482.5641981823326,"fuel":2078.3594979135596,"trucks":[[158,52,121,10,162,72,137,36,136,165,35,79],[22,73,75,172,23,134,76,187,57,198,199],[191,32,163,102,71,31,161,129,189,21,123],[90,148,7,184,95,96,118,98,152,93,60,105],[180,131,55,135,164,25,30,122,170,130,80,186,82,34],[11,190,109,91,127,64,182,33,132,67,66,104],[3,116,179,58,145,173,43,143,15,120,45,142,192],[83,49,125,169,48,37,144,50,65,12,176,20],[61,119,6,85,174,62,17,87,47,9,115,200,84],[185,77,197,117,78,159,4,69,151,81,178,110],[111,156,5,56,166,26,171,188,140,40,68,24],[29,139,155,13,196,150,27,181,146,42,74,41],[157,113,97,100,94,86,194,92,193,101,99,38],[154,107,195,8,183,89,149,63,160,108,124],[167,19,175,126,46,18,114,141,39,44,16,88,138],[28,112,103,51,2,177,133,70,168,128,53,147],[54,106,153,59,14]]},{"fuel":2078.357612342552,"distance":1483.288509101021,"trucks":[[158,52,10,121,162,72,137,36,136,165,35,79],[22,73,75,172,23,134,76,187,57,198,199],[191,32,163,102,71,31,161,129,189,21,123],[90,148,7,184,95,96,118,98,152,93,60,105],[180,131,55,135,164,25,30,122,170,130,80,186,82,34],[11,190,109,91,127,64,182,33,132,67,66,104],[3,116,179,58,145,173,43,143,15,120,45,142,192],[83,49,125,169,48,37,144,50,65,12,176,20],[61,119,6,85,174,62,17,87,47,9,115,200,84],[185,77,197,117,78,159,4,69,81,151,178,110],[111,156,5,56,166,26,171,40,188,140,68,24],[29,139,155,13,196,150,27,181,146,42,74,41],[157,113,97,100,94,86,194,92,193,101,99,38],[53,154,107,195,8,183,89,149,160,63,108,124],[167,19,175,126,46,18,114,141,39,44,16,88,138],[28,112,103,51,2,177,133,70,168,128,147],[54,106,153,59,14]]},{"trucks":[[158,52,10,121,162,72,137,36,136,165,35,79],[22,73,75,172,23,134,76,187,57,198,199],[191,32,163,102,71,31,161,129,189,21,123],[90,148,7,184,95,96,118,98,152,93,60,105],[180,131,55,135,164,25,30,122,170,130,80,186,82,34],[11,190,109,91,127,64,182,33,132,67,66,104],[3,116,179,58,145,173,43,143,15,120,45,142,192],[83,49,125,169,48,37,144,50,65,12,176,20],[61,119,6,85,174,62,17,87,47,9,115,200,84],[185,77,197,117,78,159,4,69,151,81,178,110],[111,5,156,140,188,40,171,26,166,56,68,24],[29,139,155,13,196,150,27,181,146,42,74,41],[157,113,97,100,94,86,194,92,193,101,99,38],[53,154,107,195,8,183,89,149,63,160,108,124],[167,19,175,126,46,18,114,141,39,44,16,88,138],[28,112,51,103,2,177,133,70,128,168,147],[54,106,153,59,14]],"distance":1483.8722660131612,"fuel":2074.091714642658},{"fuel":2073.308194281881,"trucks":[[158,52,10,121,162,72,137,36,136,165,35,79],[22,73,75,172,23,134,76,187,57,198,199],[191,32,163,102,71,31,161,129,189,21,123],[90,148,7,184,95,96,118,98,152,93,60,105],[180,131,55,135,164,25,30,122,170,130,80,186,82,34],[11,190,109,91,127,64,182,33,132,67,66,104],[3,116,179,58,145,173,43,143,15,120,45,142,192],[83,49,125,169,48,37,144,50,65,12,176,20],[61,119,6,85,174,62,17,87,47,9,115,200,84],[185,77,197,117,78,159,4,69,151,81,178,110],[111,156,5,140,188,40,171,26,166,56,68,24],[29,139,155,13,196,150,27,181,74,42,146,41],[157,113,97,100,94,86,194,92,193,101,99,38],[53,154,107,195,8,183,89,149,63,160,108,124],[167,19,175,126,46,18,114,141,39,44,16,88,138],[28,147,168,128,70,133,177,2,51,103,112],[54,106,153,59,14]],"distance":1483.9794588799623}],"Optimal":1373,"benchmark":"M-n200-k17"}