{"front":[{"distance":1485.6114752350816,"fuel":2115.4852961303386,"trucks":[[3,116,179,58,145,173,43,143,44,16,146,42,23,134,76],[54,41,181,22,74,73,198,57,187,24,140,106],[124,20,108,176,12,127,64,91,33,132,161,129,21,104],[81,151,69,122,30,170,79,35,165,136,36,137,66,72],[159,4,80,130,186,34,82,121,10,162,52],[17,142,192,45,120,193,15,39,141,87,62],[154,107,195,8,183,149,63,160,109,190,11],[156,5,188,40,68,171,26,56,166,135,25,164],[31,189,67,182,65,50,144,37,48,169,125],[6,61,84,200,126,46,47,175,9,115,49,83],[168,70,133,177,2,123,71,102,163,32,191,128,89,53],[59,153,138,88,98,152,93,60,99,94,105,100],[184,95,96,14,118,38,101,194,92,86,7],[150,196,13,110,178,55,131,180,111,199,75,172],[155,139,185,77,197,117,78,158,103,51],[90,148,167,19,119,85,18,114,174,97,113],[157,147,28,112,29,27]]},{"trucks":[[3,116,179,58,145,173,43,143,44,16,146,42,23,134,76],[54,41,181,22,74,73,198,57,187,24,140,106],[124,20,108,176,12,127,64,91,33,132,161,129,21,104],[81,151,69,122,30,170,79,35,165,136,36,137,66,72],[159,4,130,80,186,34,82,121,10,162,52],[17,142,192,45,120,193,15,39,141,87,62],[154,107,195,8,183,149,63,160,109,190,11],[156,5,188,40,68,171,26,56,166,135,25,164],[31,189,67,182,65,50,144,37,48,169,125],[6,61,84,200,126,46,47,175,9,115,83,49],[168,70,133,177,2,123,71,102,163,32,191,128,89,53],[59,153,138,88,98,152,93,60,99,94,105,100],[184,95,96,14,118,38,101,194,92,86,7],[150,196,13,110,178,55,131,180,111,199,75,172],[155,139,185,77,197,117,78,158,103,51],[90,148,167,19,119,85,18,114,174,97,113],[157,147,28,112,29,27]],"fuel":2115.1277579411535,"distance":1485.731586739278},{"distance":1486.5634654559658,"fuel":2108.2364326041197,"trucks":[[3,116,179,58,145,173,43,143,44,16,146,42,23,134,76],[54,106,41,181,22,74,73,198,57,187,24,140],[124,20,108,176,12,127,64,91,33,132,161,129,21,104],[151,81,69,122,30,170,79,35,165,136,36,137,66,72],[159,4,80,130,186,34,82,121,10,162,52],[62,17,142,192,45,120,193,15,39,141,87],[154,107,195,8,183,149,63,160,109,190,11],[5,156,188,40,68,171,26,56,166,135,25,164],[31,189,67,182,65,50,144,37,48,169,125],[6,61,84,200,126,46,47,175,9,115,49,83],[168,70,133,177,2,123,71,102,163,32,191,128,89,53],[59,153,138,88,98,152,93,60,94,100,105],[184,95,96,14,118,38,99,101,194,92,86,7],[150,196,13,110,178,55,131,180,111,199,75,172],[155,139,185,77,197,117,78,158,103,51],[148,90,167,19,119,85,18,114,174,97,113],[157,147,28,112,29,27]]},{"distance":1486.8112745852047,"fuel":2099.322275227211,"trucks":[[3,116,179,58,145,173,43,143,44,16,146,42,23,134,76],[54,106,41,181,22,74,73,198,57,187,24,140],[124,20,108,176,12,127,64,91,33,132,161,129,21,104],[151,81,69,122,30,170,79,35,165,136,36,137,66,72],[159,4,80,130,186,34,82,121,10,162,52],[62,17,142,192,45,120,193,15,39,141,87],[154,107,195,8,183,149,63,160,109,190,11],[5,156,188,40,68,171,26,56,166,135,25,164],[31,189,67,182,65,50,144,37,48,169,125],[6,61,84,200,126,46,47,175,9,115,49,83],[168,70,133,177,2,123,71,102,163,32,191,128,89,53],[59,153,138,88,98,152,93,60,94,100,105],[184,95,118,14,96,99,38,101,194,92,86,7],[150,196,13,110,178,55,131,180,111,199,75,172],[155,139,185,77,197,117,78,158,103,51],[113,148,90,167,19,119,85,18,114,174,97],[157,147,28,112,29,27]]},{"distance":1487.091866328542,"trucks":[[3,116,179,58,145,173,43,143,44,16,146,42,23,134,76],[54,106,41,181,22,74,73,198,57,187,24,140],[124,20,108,176,12,127,64,91,33,132,161,129,21,104],[151,81,69,122,30,170,79,35,165,136,36,137,66,72],[159,4,80,130,186,34,82,121,10,162,52],[62,17,142,192,45,120,193,15,39,141,87],[154,107,195,8,183,149,63,160,109,190,11],[5,156,188,40,68,171,26,56,166,135,25,164],[31,189,67,182,65,50,144,37,48,169,125],[6,61,84,200,126,46,47,175,9,115,49,83],[168,70,133,177,2,123,71,102,163,32,191,128,89,53],[59,153,138,88,98,152,93,60,94,100,105],[184,95,96,14,118,38,99,101,194,92,86,7],[150,196,13,110,178,55,131,180,111,199,75,172],[155,139,185,77,197,117,78,158,103,51],[113,148,90,167,19,119,85,18,114,174,97],[157,147,28,112,29,27]],"fuel":2098.935322410481},{"distance":1487.352012571801,"trucks":[[3,116,179,58,145,173,43,143,44,16,146,42,23,134,76],[54,106,41,181,22,74,73,198,57,187,24,140],[124,20,108,176,12,127,64,91,33,132,161,129,21,104],[151,81,69,122,30,170,79,35,165,136,36,137,66,72],[159,4,80,130,186,34,82,121,10,162,52],[62,17,142,192,45,120,193,15,39,141,87],[154,107,195,8,183,149,63,160,109,190,11],[5,156,188,40,68,171,26,56,166,135,25,164],[31,189,67,182,65,50,144,37,48,169,125],[6,61,84,200,126,46,47,175,9,115,83,49],[168,70,133,177,2,123,71,102,163,32,191,128,89,53],[59,153,138,88,98,152,93,60,94,100,105],[184,95,96,14,118,38,99,101,194,92,86,7],[150,196,13,110,178,55,131,180,111,199,75,172],[155,139,185,77,197,117,78,158,103,51],[113,148,90,167,19,119,85,18,114,174,97],[157,147,28,112,29,27]],"fuel":2098.637064965622}],"benchmark":"M-n200-k17","Optimal":1373}