{"Optimal":827,"benchmark":"P-n70-k10","front":[{"fuel":1316.736377286382,"distance":910.5906892575179,"trucks":[[50,4,45,33,51,19,56,26,40],[34,2,44,43,42,57,24,64],[48,37,61,70,22,62,65,23],[46,30,6,38,21,16,58,14,36],[35,47,9,53,28,5],[20,55,15,60,67,66],[18,41,25,17,52,7],[69,3,63,29,49,31],[8,54,12,39,59,13],[68,27,11,32,10]]},{"fuel":1315.9401588200005,"distance":913.7673758696658,"trucks":[[50,4,45,33,51,19,56,26,40],[34,2,44,43,42,57,24,64],[48,37,61,70,22,62,65,23],[46,30,6,38,21,16,58,14,36],[5,35,47,9,53,28],[20,55,15,60,67,66],[18,41,25,17,52,7],[69,3,63,29,49,31],[8,54,12,39,59,13],[68,27,11,32,10]]},{"fuel":1312.940971683403,"distance":913.7750373984708,"trucks":[[50,4,45,33,51,19,56,26,40],[34,2,44,43,42,57,24,64],[48,37,61,70,22,62,65,23],[46,30,6,38,21,16,58,14,36],[35,47,9,53,28,5],[20,55,15,60,67,66],[18,41,10,32,11],[69,3,63,29,49,31],[8,54,12,39,59,13],[68,27,52,17,25,7]]},{"fuel":1312.0521750324071,"distance":917.1108283581835,"trucks":[[50,4,45,33,51,19,56,26,40],[34,2,44,43,42,57,24,64],[48,37,61,70,22,62,65,23],[46,30,6,38,21,16,58,14,36],[35,47,9,53,28,5],[20,55,15,60,67,66],[18,41,10,32,11],[69,3,63,29,49,31],[8,54,12,39,59,13],[68,27,7,52,17,25]]},{"fuel":1311.2559565660256,"distance":920.2875149703315,"trucks":[[50,4,45,33,51,19,56,26,40],[34,2,44,43,42,57,24,64],[48,37,61,70,22,62,65,23],[46,30,6,38,21,16,58,14,36],[5,35,47,9,53,28],[20,55,15,60,67,66],[18,41,10,32,11],[69,3,63,29,49,31],[8,54,12,39,59,13],[68,27,7,52,17,25]]},{"fuel":1308.143347206379,"distance":924.0988329867833,"trucks":[[4,45,33,40,26,56,19,51,50],[34,2,44,43,42,57,24,64],[48,37,61,70,22,62,65,23],[46,30,6,38,21,16,58,14,36],[5,35,47,9,53,28],[20,55,15,60,67,66],[18,41,10,32,11],[69,3,63,29,49,31],[8,54,12,39,59,13],[68,27,52,17,25,7]]},{"fuel":1308.0507690217648,"distance":924.2579373343482,"trucks":[[4,45,33,40,26,56,19,51,50],[34,2,44,43,42,57,24,64],[48,37,61,70,22,62,65,23],[46,30,6,38,21,16,58,14,36],[35,47,9,53,28,5],[20,55,15,60,67,66],[18,41,10,32,11],[69,3,63,29,49,31],[8,54,12,39,59,13],[68,27,7,52,17,25]]},{"fuel":1307.2545505553833,"distance":927.4346239464961,"trucks":[[4,45,33,40,26,56,19,51,50],[34,2,44,43,42,57,24,64],[48,37,61,70,22,62,65,23],[46,30,6,38,21,16,58,14,36],[5,35,47,9,53,28],[20,55,15,60,67,66],[18,41,10,32,11],[69,3,63,29,49,31],[8,54,12,39,59,13],[68,27,7,52,17,25]]}]}