{"front":[{"distance":922.9727556433367,"fuel":1313.8646646560007,"trucks":[[36,54,15,60,67,66],[2,23,65,43,44,42,57,24],[62,22,48,37,70,61,21,38],[69,46,30,49,6,16,58,14,55],[35,47,9,20,12,59],[52,17,64,34,63,29,7],[28,53,8,39,11,32,56],[40,10,26,51,19,25,50],[13,41,33,45,4,18],[27,68,5,31,3]]},{"distance":924.2190880144672,"fuel":1312.4442726960924,"trucks":[[36,54,15,60,67,66],[63,23,65,43,44,42,57,24],[62,22,48,37,70,61,21,38],[69,46,30,49,6,16,58,14,55],[35,47,9,20,12,59],[52,17,64,34,2,29,7],[28,53,8,39,11,32,56],[40,10,26,51,19,25,50],[13,41,33,45,4,18],[27,68,5,31,3]]},{"distance":924.7350499315698,"fuel":1311.5521725342305,"trucks":[[36,54,15,60,67,66],[2,23,65,43,44,42,57,24],[62,22,48,37,70,61,21,38],[69,46,30,49,6,16,58,14,55],[35,47,9,20,12,59],[7,52,17,64,34,63,29],[28,53,8,39,11,32,56],[40,10,26,51,19,25,50],[13,41,33,45,4,18],[27,68,5,31,3]]},{"distance":925.5906144203277,"fuel":1309.3375925630323,"trucks":[[36,54,15,60,67,66],[2,44,24,57,42,43,65,23],[62,22,48,37,70,61,21,38],[69,46,30,49,6,16,58,14,55],[35,47,9,20,12,59],[7,52,17,64,34,63,29],[28,53,8,39,11,32,56],[40,10,26,51,19,25,50],[13,41,33,45,4,18],[27,68,5,31,3]]},{"distance":926.4578730980461,"fuel":1302.187154929161,"trucks":[[36,54,15,60,67,66],[63,23,65,43,44,42,57,24],[7,22,48,37,70,61,21,38],[69,46,30,49,6,16,58,14,55],[35,47,9,20,12,59],[52,17,64,34,2,62,29],[28,53,8,39,11,32,56],[40,10,26,51,19,25,50],[13,41,33,45,4,18],[27,68,5,31,3]]},{"distance":929.2345867288379,"fuel":1301.6589280900848,"trucks":[[36,54,15,60,67,66],[63,23,65,43,44,42,57,24],[7,22,48,37,70,61,21,38],[69,46,30,49,6,16,58,14,55],[35,47,9,20,12,59],[52,17,64,34,2,29,62],[28,53,8,39,11,32,56],[40,10,26,51,19,25,50],[13,41,33,45,4,18],[27,68,5,31,3]]},{"distance":932.0369387701201,"fuel":1301.3956524512673,"trucks":[[36,54,15,60,67,66],[63,23,65,43,44,42,57,24],[7,22,48,37,70,61,21,38],[69,46,30,49,6,16,58,14,55],[35,47,9,20,12,59],[52,17,64,34,2,29,62],[28,53,8,39,11,32,56],[40,10,26,51,19,25,50],[18,13,41,33,45,4],[27,68,5,31,3]]}],"Optimal":827,"benchmark":"P-n70-k10"}