{"Optimal":827,"front":[{"distance":884.7068664696571,"trucks":[[2,44,42,43,65,23,62,63],[59,11,32,26,56,19,51],[52,17,64,24,57,50,25,45,4],[49,48,37,70,61,21,38,6],[5,46,30,16,58,14,55,20],[7,18,39,12,54,36],[68,35,47,9,53,28],[13,40,10,33,41,69],[8,15,60,67,66,27],[3,34,29,22,31]],"fuel":1274.1200206590577},{"distance":884.7532327122351,"trucks":[[2,44,42,43,65,23,62,63],[59,11,32,26,56,19,51],[52,17,64,24,57,50,25,45,4],[49,48,37,70,61,21,38,6],[5,46,30,16,58,14,55,20],[7,18,39,12,54,36],[68,35,47,9,53,28],[13,40,10,33,41,69],[8,15,60,67,66,27],[3,31,22,29,34]],"fuel":1271.7844418241532},{"distance":886.2723157252102,"trucks":[[2,44,42,43,65,23,62,63],[59,11,32,26,56,19,51],[52,17,64,24,57,50,25,45,4],[49,48,37,70,61,21,38,6],[5,46,30,16,58,14,55,20],[7,18,39,12,54,36],[68,35,47,9,53,28],[41,33,10,40,13,69],[8,15,60,67,66,27],[3,31,22,29,34]],"fuel":1270.1858740090506},{"distance":886.4507202560314,"trucks":[[2,44,42,43,65,23,62,63],[59,11,32,26,56,19,51],[52,17,64,24,57,50,25,45,4],[49,48,37,70,61,21,38,6],[5,46,30,16,58,14,55,20],[7,18,39,12,54,36],[68,35,47,9,53,28],[13,40,10,33,41,69],[27,8,15,60,67,66],[3,31,22,29,34]],"fuel":1264.2517711338037},{"distance":888.2145155691188,"trucks":[[2,44,42,43,65,23,62,63],[59,11,32,26,56,19,51],[52,17,64,24,57,50,25,4,45],[49,48,37,70,61,21,38,6],[5,46,30,16,58,14,55,20],[7,18,39,12,54,36],[68,35,47,9,53,28],[41,33,10,40,13,69],[27,8,15,60,67,66],[3,31,22,29,34]],"fuel":1262.881099859847},{"distance":888.2440267100706,"trucks":[[63,2,44,42,43,65,23,62],[59,11,32,26,56,19,51],[52,17,64,24,57,50,25,45,4],[49,48,37,70,61,21,38,6],[5,46,30,16,58,14,55,20],[7,18,39,12,54,36],[68,35,47,9,53,28],[13,40,10,33,41,69],[27,8,15,60,67,66],[3,31,22,29,34]],"fuel":1261.3682892697536},{"distance":889.7631097230457,"trucks":[[63,2,44,42,43,65,23,62],[59,11,32,26,56,19,51],[52,17,64,24,57,50,25,45,4],[49,48,37,70,61,21,38,6],[5,46,30,16,58,14,55,20],[7,18,39,12,54,36],[68,35,47,9,53,28],[41,33,10,40,13,69],[27,8,15,60,67,66],[3,31,22,29,34]],"fuel":1259.769721454651},{"distance":892.4354462502469,"trucks":[[63,2,44,42,43,65,23,62],[59,11,32,26,56,19,51],[52,17,64,24,57,50,25,45,4],[49,6,38,21,61,70,37,48],[5,46,30,16,58,14,55,20],[7,18,39,12,54,36],[68,35,47,9,53,28],[41,33,10,40,13,69],[27,8,15,60,67,66],[3,31,22,29,34]],"fuel":1258.840763965304}],"benchmark":"P-n70-k10"}