{"benchmark":"A-n45-k7","front":[{"fuel":1709.9475579142534,"distance":1209.0552121313883,"trucks":[[39,18,24,26,16,43,2],[22,45,30,20,37,32],[15,34,28,42,44,12],[14,11,38,31,6,23],[19,41,8,17,21,9,10,33],[5,7,29,4,25],[36,40,35,27,3,13]]},{"trucks":[[39,18,24,26,16,43,2],[22,45,30,20,37,32],[15,34,28,42,44,12],[14,23,6,31,38,11],[19,41,8,21,17,9,10,33],[5,7,29,4,25],[36,40,35,27,3,13]],"distance":1212.0290786697904,"fuel":1709.8416131393885},{"fuel":1709.3262986801135,"trucks":[[39,18,24,26,16,2,43],[22,45,30,20,37,32],[15,34,28,42,44,12],[11,23,6,31,38,14],[19,8,41,21,17,9,10,33],[5,7,29,4,25],[36,40,35,27,3,13]],"distance":1213.5022510544663},{"distance":1213.528080357613,"trucks":[[39,18,24,26,16,43,2],[22,45,30,20,37,32],[15,34,28,42,44,12],[11,23,6,31,38,14],[19,41,8,21,17,9,10,33],[5,7,29,4,25],[36,40,35,27,3,13]],"fuel":1705.2661123206635},{"distance":1214.5727696611743,"trucks":[[39,18,24,26,16,2,43],[22,45,30,20,37,32],[15,34,28,42,44,12],[14,11,23,6,31,38],[19,8,41,21,17,9,10,33],[5,7,29,4,25],[36,40,35,27,3,13]],"fuel":1701.4278260206297},{"distance":1214.5985989643211,"fuel":1697.3676396611797,"trucks":[[39,18,24,26,16,43,2],[22,45,30,20,37,32],[15,34,28,42,44,12],[14,11,23,6,31,38],[19,41,8,21,17,9,10,33],[5,7,29,4,25],[36,40,35,27,3,13]]}],"Optimal":1146}