{"front":[{"trucks":[[28,70,2,34,82,10,36,72,66,67,52,51,77],[97,100,60,94,86,62,92,101,38,99,93,98,96],[49,48,20,12,65,50,37,47,9,46,18,85,6],[54,22,74,73,75,23,42,76,57,24,68,40],[13,81,69,78,4,80,79,35,30,25,56,26,5,55],[53,19,61,84,83,8,89,32,63,11,64,91,33,21,31,71],[88,43,15,45,17,87,39,44,16,58,3,41,59],[90,7,95,14,27,29]],"fuel":1263.2033677750364,"distance":890.9843419039693},{"trucks":[[77,51,34,82,10,36,72,66,67,52,2,70,28],[97,100,60,94,86,62,92,101,38,99,93,98,96],[49,48,20,12,65,50,37,47,9,46,18,85,6],[54,22,74,73,75,23,42,76,57,24,68,40],[13,81,69,78,4,80,79,35,30,25,56,26,5,55],[53,19,61,84,83,8,89,32,63,11,64,91,33,21,31,71],[59,41,88,43,15,45,17,87,39,44,16,58,3],[90,7,95,14,27,29]],"fuel":1261.0852687254219,"distance":891.3602159408593},{"trucks":[[28,70,2,34,82,10,36,72,66,67,52,51,77],[97,100,60,94,86,62,92,101,38,99,93,98,96],[49,48,20,12,65,50,37,47,9,46,18,85,6],[54,22,74,73,75,23,42,76,57,24,68,40],[13,81,69,78,4,80,79,35,30,25,56,26,5,55],[53,19,61,84,83,8,89,32,63,11,64,91,33,21,31,71],[59,41,88,43,15,45,17,87,39,44,16,58,3],[90,7,95,14,27,29]],"fuel":1260.240085006622,"distance":895.0580284505123}],"Optimal":817,"benchmark":"E-n101-k8"}