{"front":[{"trucks":[[80,130,170,79,35,165,136,36,137,72,162,104,21],[83,49,125,169,48,37,144,50,65,12,176,20],[163,102,71,31,123,52,10,121,82,34,186,159,4,122,25],[61,119,6,174,85,126,46,175,9,115,200,84],[11,190,109,91,127,64,182,33,132,161,129,189],[51,103,158,77,197,78,117,69,151,81,178],[191,32,89,149,160,63,108,124,47,183],[93,92,192,45,120,193,15,143,43,173,145,58,16,44,141,142,17,7],[185,30,164,135,55,131,166,56,26,171,40,188,140],[97,100,105,94,86,194,101,38,99,60,152,138],[22,74,73,198,57,187,68,24,76,134,23,42],[41,181,150,196,180,5,156,111,199,75,153,59],[184,95,96,98,62,18,114,87,39,148],[28,177,2,133,70,168,128,8,195,107,154,19,167,90,53],[106,27,110,13,139,155,29,112,66,67,147],[157,113,14,118,88,3,179,116,146,172,54]],"distance":1562.1918933875866,"fuel":2221.444738686822},{"trucks":[[80,130,170,79,35,165,136,36,137,72,162,104,21],[83,49,125,169,48,37,144,50,65,12,176,20],[163,102,71,31,123,52,10,121,82,34,186,159,4,122,25],[119,61,84,200,115,9,175,46,126,85,174,6],[11,190,109,91,127,64,182,33,132,161,129,189],[51,103,158,77,197,78,117,69,81,151,178],[191,32,89,149,160,63,108,124,47,183],[93,92,192,45,120,193,15,143,43,173,145,58,16,44,141,142,17,7],[185,30,164,135,55,131,166,56,26,171,40,188,140],[97,100,105,94,86,194,101,38,99,60,152,138],[22,74,73,198,57,187,68,24,76,134,23,42],[41,181,150,196,180,5,156,111,199,75,153,59],[184,95,96,98,62,18,114,87,39,148],[28,177,2,133,70,168,128,8,195,107,154,19,167,90,53],[106,27,110,13,139,155,29,112,66,67,147],[157,113,14,118,88,3,179,116,146,172,54]],"fuel":2221.2254038287806,"distance":1562.4325017165563},{"trucks":[[80,130,170,79,35,165,136,36,137,72,162,104,21],[83,49,125,169,48,37,144,50,65,12,176,20],[163,102,71,31,123,52,10,121,82,34,186,159,4,122,25],[119,61,84,200,115,9,175,46,126,85,174,6],[11,190,109,91,127,64,182,33,132,161,129,189],[51,103,158,77,197,78,117,69,81,151,178],[191,32,89,149,160,63,108,124,47,183],[93,92,192,45,120,193,15,143,43,173,145,58,16,44,141,142,17,7],[185,30,164,135,55,131,166,56,26,171,40,188,140],[97,100,105,94,86,194,101,38,99,60,152,138],[22,74,73,198,57,187,68,24,76,134,23,42],[153,59,41,181,150,196,180,5,156,111,199,75],[184,95,96,98,62,18,114,87,39,148],[28,177,2,133,70,168,128,8,195,107,154,19,167,90,53],[106,27,110,13,139,155,29,112,66,67,147],[157,113,14,118,88,3,179,116,146,172,54]],"fuel":2211.5028814100438,"distance":1563.5707957403158},{"distance":1564.110505080859,"trucks":[[80,130,170,79,35,165,136,36,137,72,162,104,21],[83,49,125,169,48,37,144,50,65,12,176,20],[163,102,71,31,123,52,10,121,82,34,186,4,159,122,25],[119,61,84,200,115,9,175,46,126,85,174,6],[11,190,109,91,127,64,182,33,132,161,129,189],[51,158,103,77,197,78,117,69,81,151,178],[191,32,89,149,160,63,108,124,47,183],[93,92,192,45,120,193,15,143,43,173,145,58,16,44,141,142,17,7],[185,30,164,135,55,131,166,56,26,171,40,188,140],[97,100,105,94,86,194,101,38,99,60,152,138],[22,74,73,198,57,187,68,24,76,134,23,42],[153,59,41,181,150,196,180,5,156,111,199,75],[148,184,95,96,98,62,39,87,114,18],[28,177,2,133,70,168,128,8,195,107,154,19,167,90,53],[106,27,110,13,139,155,29,112,66,67,147],[157,113,14,118,88,3,179,116,146,172,54]],"fuel":2208.2613526184664},{"trucks":[[80,130,170,79,35,165,136,36,137,72,162,104,21],[83,49,125,169,48,37,144,50,65,12,176,20],[163,102,71,31,123,52,10,121,82,34,186,159,4,122,25],[61,119,6,174,85,126,46,175,9,115,200,84],[11,190,109,91,127,64,182,33,132,161,129,189],[51,158,103,77,197,78,117,69,81,151,178],[191,32,89,149,160,63,108,124,47,183],[93,92,192,45,120,193,15,143,43,173,145,58,16,44,141,142,17,7],[185,30,164,135,55,131,166,56,26,171,40,188,140],[97,100,105,94,86,194,101,38,99,60,152,138],[22,74,73,198,57,187,68,24,76,134,23,42],[153,59,41,181,150,196,180,5,156,111,199,75],[148,184,95,96,98,62,18,114,87,39],[28,177,2,133,70,168,128,8,195,107,154,19,167,90,53],[106,27,110,13,139,155,29,112,66,67,147],[157,113,14,118,88,3,179,116,146,172,54]],"fuel":2205.12417251531,"distance":1564.8535786975674},{"fuel":2204.9048376572687,"distance":1565.0941870265372,"trucks":[[80,130,170,79,35,165,136,36,137,72,162,104,21],[83,49,125,169,48,37,144,50,65,12,176,20],[163,102,71,31,123,52,10,121,82,34,186,159,4,122,25],[119,61,84,200,115,9,175,46,126,85,174,6],[11,190,109,91,127,64,182,33,132,161,129,189],[51,158,103,77,197,78,117,69,81,151,178],[191,32,89,149,160,63,108,124,47,183],[93,92,192,45,120,193,15,143,43,173,145,58,16,44,141,142,17,7],[185,30,164,135,55,131,166,56,26,171,40,188,140],[97,100,105,94,86,194,101,38,99,60,152,138],[22,74,73,198,57,187,68,24,76,134,23,42],[153,59,41,181,150,196,180,5,156,111,199,75],[148,184,95,96,98,62,18,114,87,39],[28,177,2,133,70,168,128,8,195,107,154,19,167,90,53],[106,27,110,13,139,155,29,112,66,67,147],[157,113,14,118,88,3,179,116,146,172,54]]},{"trucks":[[80,130,170,79,35,165,136,36,137,72,162,104,21],[83,49,125,169,48,37,144,50,65,12,176,20],[163,102,71,31,123,52,10,121,82,34,186,4,159,122,25],[119,61,84,200,115,9,175,46,126,85,174,6],[11,190,109,91,127,64,182,33,132,161,129,189],[51,158,103,77,197,78,117,69,81,151,178],[191,32,89,149,160,63,108,124,47,183],[93,92,192,45,120,193,15,143,43,173,145,58,16,44,141,142,17,7],[185,30,164,135,55,131,166,56,26,171,40,188,140],[97,100,105,94,86,194,101,38,99,60,152,138],[22,74,73,198,57,187,24,68,76,134,23,42],[153,59,41,181,150,196,180,5,156,111,199,75],[148,184,95,96,98,62,18,114,87,39],[28,177,2,133,70,168,128,8,195,107,154,19,167,90,53],[106,27,110,13,139,155,29,112,66,67,147],[157,113,14,118,88,3,179,116,146,172,54]],"distance":1566.7532028497174,"fuel":2204.4708089776973},{"distance":1572.5659579408946,"fuel":2203.858487471071,"trucks":[[80,130,170,79,35,165,136,36,137,72,162,104,21],[83,49,125,169,48,37,144,50,65,12,176,20],[163,102,71,31,123,52,10,121,82,34,186,4,159,122,25],[119,61,84,200,115,9,175,46,126,85,174,6],[11,190,109,91,127,64,182,33,132,161,129,189],[51,158,103,77,197,78,117,69,81,151,178],[191,32,89,183,149,160,63,108,124,47],[7,17,142,92,192,45,120,193,15,143,43,173,145,58,16,44,141,93],[185,30,164,135,55,131,166,56,26,171,40,188,140],[97,100,105,94,86,194,101,99,38,152,60,138],[22,74,73,198,57,187,24,68,76,134,23,42],[153,59,41,181,150,196,180,5,156,111,199,75],[184,95,96,98,62,18,114,87,39,148],[28,177,2,133,70,168,128,8,195,107,154,19,167,90,53],[106,27,110,13,139,155,29,112,66,67,147],[157,113,14,118,88,3,179,116,146,172,54]]},{"fuel":2196.4607091818393,"trucks":[[80,130,170,79,35,165,136,36,137,72,162,104,21],[83,49,125,169,48,37,144,50,65,12,176,20],[163,102,71,31,123,52,10,121,82,34,186,4,159,122,25],[61,119,6,174,85,126,46,175,9,115,200,84],[11,190,109,91,127,64,182,33,132,161,129,189],[51,158,103,77,197,78,117,69,81,151,178],[191,32,89,183,149,160,63,108,124,47],[7,17,142,92,192,45,120,193,15,143,43,173,145,58,16,44,141,93],[185,30,164,135,55,131,166,56,26,171,40,188,140],[97,100,105,94,86,194,101,99,38,152,60,138],[22,74,73,198,57,187,24,68,76,134,23,42],[153,59,41,181,150,196,180,5,156,111,199,75],[148,184,95,96,98,62,18,114,87,39],[28,177,2,133,70,168,128,8,195,107,154,19,167,90,53],[106,27,110,13,139,155,29,112,66,67,147],[157,113,14,118,88,3,179,116,146,172,54]],"distance":1573.4967850840715},{"fuel":2196.241374323798,"distance":1573.7373934130412,"trucks":[[80,130,170,79,35,165,136,36,137,72,162,104,21],[83,49,125,169,48,37,144,50,65,12,176,20],[163,102,71,31,123,52,10,121,82,34,186,4,159,122,25],[119,61,84,200,115,9,175,46,126,85,174,6],[11,190,109,91,127,64,182,33,132,161,129,189],[51,158,103,77,197,78,117,69,81,151,178],[191,32,89,183,149,160,63,108,124,47],[7,17,142,92,192,45,120,193,15,143,43,173,145,58,16,44,141,93],[185,30,164,135,55,131,166,56,26,171,40,188,140],[97,100,105,94,86,194,101,99,38,152,60,138],[22,74,73,198,57,187,24,68,76,134,23,42],[153,59,41,181,150,196,180,5,156,111,199,75],[148,184,95,96,98,62,18,114,87,39],[28,177,2,133,70,168,128,8,195,107,154,19,167,90,53],[106,27,110,13,139,155,29,112,66,67,147],[157,113,14,118,88,3,179,116,146,172,54]]}],"Optimal":1274,"benchmark":"M-n200-k16"}