{"front":[{"distance":1641.1544241213937,"fuel":2286.0791718799046,"trucks":[[154,8,124,20,108,176,12,65,50,144,37,48,169,125,47],[90,167,61,119,6,85,174,62,92,193,93,184,7,148],[135,164,25,30,122,170,79,35,165,136,36,137,72,104,10],[163,102,71,31,123,21,189,129,161,132,33,91,64,127,190],[5,156,111,199,22,74,73,198,57,187,24,76,42],[51,103,158,34,82,121,162,67,52,56,118],[173,43,143,15,120,45,192,17,142,141,39,44,16,58,145],[60,152,38,99,101,194,86,94,100,105,97,18,200],[96,98,88,3,179,116,146,23,134,75,172,138],[19,84,126,46,175,9,115,83,49,107,89],[27,181,41,59,153,14,95,87,114],[196,110,178,151,81,69,117,197,78,4,130,26,150],[155,139,13,185,77,159,80,186,66,182,2],[128,191,32,149,63,11,70,133,177,112,29],[106,180,55,131,166,171,68,40,188,140,54],[157,113,147,53,195,183,160,109,168,28]]},{"trucks":[[154,8,124,20,108,176,12,65,50,144,37,48,169,125,47],[90,167,61,119,6,85,174,62,92,193,93,184,7,148],[135,164,25,30,122,170,79,35,165,136,36,137,72,104,10],[163,102,71,31,123,21,189,129,161,132,33,91,64,127,190],[5,156,111,199,22,74,73,198,57,187,24,76,42],[51,103,158,34,82,121,162,67,52,56,118],[145,173,43,143,15,120,45,192,17,142,141,39,44,16,58],[60,152,38,99,101,194,86,94,100,105,97,18,200],[96,98,88,3,179,116,146,23,134,75,172,138],[19,84,126,46,175,9,115,83,49,107,89],[27,181,41,59,153,14,95,87,114],[196,110,178,81,151,69,117,197,78,4,130,26,150],[155,139,13,185,77,159,80,186,66,182,2],[128,191,32,149,63,11,70,133,177,112,29],[106,180,55,131,166,171,68,40,188,140,54],[157,113,147,53,195,183,160,109,168,28]],"fuel":2281.179577422784,"distance":1641.4461071624062},{"distance":1641.5753746968646,"fuel":2275.5829149099513,"trucks":[[154,8,124,20,108,176,12,65,50,144,37,48,169,125,47],[90,167,61,119,6,85,174,62,92,193,93,184,7,148],[135,164,25,30,122,170,79,35,165,136,36,137,72,104,10],[163,102,71,31,123,21,189,129,161,132,33,91,64,127,190],[5,156,111,199,22,74,73,198,57,187,24,76,42],[51,103,158,34,82,121,162,67,52,56,118],[145,173,43,143,15,120,45,192,17,142,141,39,44,16,58],[60,152,38,99,101,194,86,94,100,105,97,18,200],[96,98,88,3,179,116,146,23,134,75,172,138],[19,84,126,46,175,9,115,83,49,107,89],[27,181,41,59,153,14,95,87,114],[196,110,178,81,151,69,117,197,78,4,130,26,150],[155,139,13,185,77,159,80,186,66,182,2],[128,191,32,149,63,11,70,133,177,112,29],[54,106,180,55,131,166,171,68,40,188,140],[157,113,147,53,195,183,160,109,168,28]]},{"distance":1643.3451389552097,"trucks":[[154,8,124,20,108,176,12,65,50,144,37,48,169,125,47],[90,167,61,119,6,85,174,62,92,193,93,184,7,148],[135,164,25,30,122,170,79,35,165,136,36,137,72,104,10],[163,102,71,31,123,21,189,129,161,132,33,91,64,127,190],[5,156,111,199,22,74,73,198,57,187,24,76,42],[51,103,158,34,82,121,162,67,52,56,118],[145,173,43,143,15,120,45,192,17,142,141,39,44,16,58],[60,152,38,99,101,194,86,94,100,105,97,18,200],[96,98,88,3,179,116,146,23,134,75,172,138],[19,84,126,46,175,9,115,83,49,107,89],[27,181,41,59,153,14,95,87,114],[150,196,110,178,81,151,69,117,197,78,4,130,26],[155,139,13,185,77,159,80,186,66,182,2],[128,191,32,149,63,11,70,133,177,112,29],[54,106,180,55,131,166,171,68,40,188,140],[157,113,147,53,195,183,160,109,168,28]],"fuel":2272.1503563153146},{"fuel":2265.849464697516,"trucks":[[154,8,124,20,108,176,12,65,50,144,37,48,169,125,47],[90,167,61,119,6,85,174,62,92,193,93,184,7,148],[135,164,25,30,122,170,79,35,165,136,36,137,72,104,10],[163,102,71,123,31,21,189,129,161,132,33,91,64,127,190],[5,156,111,199,22,74,73,198,57,187,24,76,42],[51,103,158,34,82,121,162,67,52,56,118],[145,173,43,143,15,120,45,192,17,142,141,39,44,16,58],[60,152,38,99,101,194,86,94,100,105,97,18,200],[96,98,88,3,179,116,146,23,134,75,172,138],[19,84,126,46,175,9,115,83,49,107,89],[27,181,41,59,153,14,95,87,114],[150,196,110,178,81,151,69,117,197,78,4,130,26],[155,139,13,185,77,159,80,186,66,182,2],[29,112,177,133,70,128,191,32,11,63,149],[54,106,180,55,131,166,171,68,40,188,140],[157,113,147,53,195,183,160,109,168,28]],"distance":1644.0638126005954},{"distance":1647.1551918824518,"fuel":2265.5755858707726,"trucks":[[154,8,124,20,108,176,12,65,50,144,37,48,169,125,47],[184,7,148,90,167,61,119,6,85,174,62,92,193,93],[135,164,25,30,122,170,79,35,165,136,36,137,72,104,10],[163,102,71,123,31,21,189,129,161,132,33,91,64,127,190],[5,156,111,199,22,74,73,198,57,187,24,76,42],[51,103,158,34,82,121,162,67,52,56,118],[145,173,43,143,15,120,45,192,17,142,141,39,44,16,58],[60,152,38,99,101,194,86,94,100,105,97,18,200],[96,98,88,3,179,116,146,23,134,75,172,138],[19,84,126,46,175,9,115,83,49,107,89],[27,181,41,59,153,14,95,87,114],[196,110,178,81,151,69,117,197,78,4,130,26,150],[139,155,13,185,77,159,80,186,66,182,2],[29,112,177,133,70,128,191,32,11,63,149],[54,106,180,55,131,166,171,68,40,188,140],[157,113,147,53,195,183,160,109,168,28]]},{"fuel":2265.006911785747,"trucks":[[154,8,124,20,108,176,12,65,50,144,37,48,169,125,47],[184,7,148,90,167,61,119,6,85,174,62,92,193,93],[135,164,25,30,122,170,79,35,165,136,36,137,72,104,10],[163,102,71,123,31,21,189,129,161,132,33,91,64,127,190],[22,74,73,198,57,187,24,76,42,5,156,111,199],[51,103,158,34,82,121,162,67,52,56,118],[145,173,43,143,15,120,45,192,17,142,141,39,44,16,58],[60,152,38,99,101,194,86,94,100,105,97,18,200],[96,98,88,3,179,116,146,23,134,75,172,138],[19,84,126,46,175,9,115,83,49,107,89],[27,181,41,59,153,14,95,87,114],[150,196,110,178,81,151,69,117,197,78,4,130,26],[139,155,13,185,77,159,80,186,66,182,2],[29,112,177,133,70,128,191,32,11,63,149],[54,106,180,55,131,166,171,68,40,188,140],[157,113,147,53,195,183,160,109,168,28]],"distance":1647.418444964018},{"fuel":2263.916511157863,"trucks":[[154,8,124,20,108,176,12,65,50,144,37,48,169,125,47],[184,7,148,90,167,61,119,6,85,174,62,92,193,93],[135,164,25,30,122,170,79,35,165,136,36,137,72,104,10],[163,102,71,123,31,21,189,129,161,132,33,91,64,127,190],[5,156,111,199,22,74,73,198,57,187,24,76,42],[51,103,158,34,82,121,162,67,52,56,118],[145,173,43,143,15,120,45,192,17,142,141,39,44,16,58],[60,152,38,99,101,194,86,94,105,100,97,18,200],[96,98,88,3,179,116,146,23,134,75,172,138],[19,84,126,46,175,9,115,83,49,107,89],[27,181,41,59,153,14,95,87,114],[150,196,110,178,81,151,69,117,197,78,4,130,26],[139,155,13,185,77,159,80,186,66,182,2],[29,112,177,133,70,128,191,149,63,11,32],[54,106,180,55,131,166,171,68,40,188,140],[157,113,147,53,195,183,160,109,168,28]],"distance":1648.8635253967377},{"distance":1648.924956140797,"fuel":2262.1430272761354,"trucks":[[154,8,124,20,108,176,12,65,50,144,37,48,169,125,47],[184,7,148,90,167,61,119,6,85,174,62,92,193,93],[135,164,25,30,122,170,79,35,165,136,36,137,72,104,10],[163,102,71,123,31,21,189,129,161,132,33,91,64,127,190],[5,156,111,199,22,74,73,198,57,187,24,76,42],[51,103,158,34,82,121,162,67,52,56,118],[145,173,43,143,15,120,45,192,17,142,141,39,44,16,58],[60,152,38,99,101,194,86,94,100,105,97,18,200],[96,98,88,3,179,116,146,23,134,75,172,138],[19,84,126,46,175,9,115,83,49,107,89],[27,181,41,59,153,14,95,87,114],[150,196,110,178,81,151,69,117,197,78,4,130,26],[139,155,13,185,77,159,80,186,66,182,2],[29,112,177,133,70,128,191,32,11,63,149],[54,106,180,55,131,166,171,68,40,188,140],[157,113,147,53,195,183,160,109,168,28]]},{"distance":1649.653199943065,"trucks":[[154,8,124,20,108,176,12,65,50,144,37,48,169,125,47],[184,7,148,90,167,61,119,6,85,174,62,92,193,93],[135,164,25,30,122,170,79,35,165,136,36,137,72,104,10],[163,102,71,123,31,21,189,129,161,132,33,91,64,127,190],[5,156,111,199,22,74,73,198,57,187,24,76,42],[51,103,158,34,82,121,162,67,52,56,118],[145,173,43,143,15,120,45,192,17,142,141,39,44,16,58],[60,152,38,99,101,194,86,94,100,105,97,18,200],[96,98,88,3,179,116,172,75,134,23,146,138],[19,84,126,46,175,9,115,83,49,107,89],[27,181,41,59,153,14,95,87,114],[150,196,110,178,81,151,69,117,197,78,4,130,26],[139,155,13,185,77,159,80,186,66,182,2],[29,112,177,133,70,128,191,32,11,63,149],[54,106,180,55,131,166,171,68,40,188,140],[157,113,147,53,195,183,160,109,168,28]],"fuel":2262.0726149680813}],"Optimal":1274,"benchmark":"M-n200-k16"}