{"benchmark":"B-n50-k7","Optimal":741,"front":[{"distance":759.0590160929003,"fuel":1054.7309368766337,"trucks":[[35,50,3,49,18,20,45],[48,34,23,39,13,32,42,8],[4,11,43,17,28,25,44,15,19,31,26],[22,46,37,6,9,21,12,38],[10,2,14,27,40],[16,41,33,29,7],[36,5,30,47,24]]},{"trucks":[[35,50,3,49,18,20,45],[48,34,23,39,13,32,42,8],[4,11,43,17,28,25,44,15,19,31,26],[22,46,37,6,9,21,12,38],[10,40,27,14,2],[16,41,33,29,7],[36,5,30,47,24]],"distance":759.4611088052018,"fuel":1053.70402384719},{"fuel":1053.3548422661102,"trucks":[[35,50,3,49,18,20,45],[48,34,23,39,13,32,42,8],[4,11,43,17,28,25,44,15,19,31,26],[22,46,37,6,21,9,12,38],[10,40,27,14,2],[16,41,33,29,7],[36,5,30,47,24]],"distance":759.672611543912}]}