{"benchmark":"A-n65-k9","Optimal":1174,"front":[{"trucks":[[63,24,58,49,55,64,12,8],[45,57,60,11,9],[46,42,17,3,39,43,62,59,41],[52,40,29,34,2,13,14,25,53,20],[44,50,5,4,37,36,51],[47,65,7,27,32,35,48],[38,31,61,21,33,6],[18,23,10,15,28,16],[56,22,54,26,19,30]],"distance":1259.9670039849482,"fuel":1799.6353485624845},{"trucks":[[63,24,58,49,55,64,12,8],[45,57,60,11,9],[46,42,17,3,39,43,62,59,41],[52,40,29,34,2,13,14,25,53,20],[44,50,5,4,37,36,51],[47,65,7,27,32,35,48],[31,38,61,21,33,6],[18,23,10,15,28,16],[56,22,54,26,19,30]],"distance":1259.9934851275027,"fuel":1799.0775882728349},{"distance":1261.8550363924749,"fuel":1797.5002068025199,"trucks":[[63,24,58,49,55,64,12,8],[45,57,60,11,9],[46,42,17,3,39,43,62,59,41],[52,40,29,34,2,13,14,25,53,20],[44,50,5,4,37,36,51],[47,65,7,27,32,35,48],[38,31,61,21,33,6],[18,16,28,15,10,23],[56,22,54,26,19,30]]},{"fuel":1797.0298972713626,"trucks":[[8,12,64,55,49,58,24,29],[45,57,60,11,9],[46,42,17,3,39,43,62,59,41],[52,40,63,34,2,13,14,25,53,20],[44,50,5,4,37,36,51],[47,65,7,27,32,35,48],[38,31,61,21,33,6],[18,16,28,15,10,23],[56,22,54,26,19,30]],"distance":1263.5827763678492},{"distance":1264.3998035505815,"trucks":[[63,8,12,64,55,49,58,24],[45,57,60,11,9],[46,42,17,3,39,43,62,59,41],[52,40,29,34,2,13,14,25,53,20],[44,50,5,4,37,36,51],[47,65,7,27,32,35,48],[38,31,61,21,33,6],[18,23,10,15,28,16],[56,22,54,26,19,30]],"fuel":1797.0161797865985}]}