{"front":[{"trucks":[[10,52,35,17,49,19,36,48,57,28],[13,23,5,27,44,33,43,34],[45,2,12,61,29,53],[16,39,4],[41,9,54,42,7,21,26],[24,8,60,11,25,20],[3,6,55,37,30,22],[59,50,47,46,38,31],[15,56,51,14,18,58,32,40]],"fuel":1653.4525277766195,"distance":1161.832034456563},{"distance":1162.103237566845,"fuel":1653.0359703077409,"trucks":[[10,52,35,17,49,19,36,48,57,28],[13,23,5,27,44,33,43,34],[45,2,12,61,29,53],[16,4,39],[41,9,54,42,7,21,26],[24,8,60,11,25,20],[3,6,55,37,30,22],[59,50,47,46,38,31],[15,56,51,14,18,58,32,40]]},{"distance":1162.8897027875341,"fuel":1646.3778088781537,"trucks":[[10,52,35,17,49,19,36,48,57,28],[13,23,5,27,44,33,43,34],[45,2,12,61,29,53],[16,39,4],[41,9,54,42,7,21,26],[24,8,25,11,60,20],[3,6,55,37,30,22],[59,50,47,46,38,31],[15,56,51,14,18,58,32,40]]},{"distance":1163.1609058978163,"fuel":1645.9612514092748,"trucks":[[10,52,35,17,49,19,36,48,57,28],[13,23,5,27,44,33,43,34],[45,2,12,61,29,53],[16,4,39],[41,9,54,42,7,21,26],[8,24,25,11,60,20],[3,6,55,37,30,22],[59,50,47,46,38,31],[15,56,51,14,18,58,32,40]]},{"trucks":[[10,52,35,17,49,19,36,48,57,28],[13,23,5,27,44,33,43,34],[45,2,12,61,29,53],[16,39,4],[41,9,54,42,7,21,26],[8,24,20,25,11,60],[3,6,55,37,30,22],[59,50,47,46,38,31],[15,56,51,14,18,58,32,40]],"distance":1164.4903370390366,"fuel":1637.149011465102},{"trucks":[[10,52,35,17,49,19,36,48,57,28],[13,23,5,27,44,33,43,34],[45,2,12,61,29,53],[16,4,39],[41,9,54,42,7,21,26],[8,24,20,25,11,60],[3,6,55,37,30,22],[59,50,47,46,38,31],[15,56,51,14,18,58,32,40]],"distance":1164.7615401493188,"fuel":1636.732453996223},{"trucks":[[10,52,35,17,49,19,36,48,57,28],[13,23,5,27,44,33,43,34],[29,61,45,2,12,53],[16,39,4],[41,9,54,42,7,21,26],[24,8,20,25,11,60],[3,6,55,37,30,22],[59,50,47,46,38,31],[15,56,51,14,18,58,32,40]],"fuel":1635.0011638322112,"distance":1167.7207485573804},{"fuel":1634.5846063633323,"trucks":[[10,52,35,17,49,19,36,48,57,28],[13,23,5,27,44,33,43,34],[29,61,45,2,12,53],[16,4,39],[41,54,9,42,7,21,26],[8,24,20,25,11,60],[3,6,55,37,30,22],[59,50,47,46,38,31],[15,56,51,14,18,58,32,40]],"distance":1167.9919516676625},{"fuel":1629.085497263017,"trucks":[[10,52,35,17,49,19,36,48,57,28],[13,23,5,27,44,33,43,34],[45,2,12,61,29,53],[16,39,4],[26,21,7,42,54,9,47,41],[8,24,20,25,11,60],[3,6,55,37,30,22],[59,50,46,38,31],[15,56,51,14,18,58,32,40]],"distance":1172.7896685840478},{"fuel":1628.6689397941384,"trucks":[[10,52,35,17,49,19,36,48,57,28],[13,23,5,27,44,33,43,34],[45,2,12,61,29,53],[16,4,39],[26,21,7,42,54,9,47,41],[8,24,20,25,11,60],[3,6,55,37,30,22],[59,50,46,38,31],[15,56,51,14,18,58,32,40]],"distance":1173.0608716943302},{"trucks":[[10,52,35,17,49,19,36,48,57,28],[13,23,5,27,44,33,43,34],[29,61,45,2,12,53],[16,39,4],[26,21,7,42,54,9,47,41],[8,24,20,25,11,60],[3,6,55,37,30,22],[59,50,46,38,31],[15,56,51,14,18,58,32,40]],"distance":1176.0200801023916,"fuel":1626.9376496301263},{"fuel":1626.5210921612477,"distance":1176.291283212674,"trucks":[[10,52,35,17,49,19,36,48,57,28],[13,23,5,27,44,33,43,34],[29,61,45,2,12,53],[16,4,39],[26,21,7,42,54,9,47,41],[8,24,20,25,11,60],[3,6,55,37,30,22],[59,50,46,38,31],[15,56,51,14,18,58,32,40]]}],"Optimal":1034,"benchmark":"A-n61-k9"}