{"benchmark":"A-n63-k9","front":[{"distance":1803.9010998572496,"trucks":[[38,52,36,51,56,33,59,15,41],[25,60,28,9,50,37,11],[13,29,23,18,7,53,63],[43,39,32,44,48,5,19,2,47],[17,10,40,24,58,22,54],[20,14,55,30,31,3,6,46],[61,62,49,42,4],[12,34,45,16,57],[27,35,21,26,8]],"fuel":2602.736096384746},{"distance":1807.603775970059,"trucks":[[38,52,36,51,56,33,59,15,41],[25,60,28,9,50,37,11],[13,29,23,18,7,53,63],[43,39,32,44,48,5,19,2,47],[17,10,40,24,58,22,54],[20,14,55,30,31,3,6,46],[61,62,49,42,4],[12,34,45,16,57],[27,8,26,21,35]],"fuel":2585.2718167821686}],"Optimal":1616}