{"front":[{"trucks":[[19,24,52,35,56],[6,15,40,30,4,16,61,5,22,37],[2,7,3,11,27,47,64],[43,34,66,9,41,59,33],[51,48,17,63,49,38,62],[32,46,14,44,23,57,36,20,39,12],[25,29,26,60,65,45,31],[42,21,18,55,54,53],[28,10,50,13,8,58]],"distance":1353.8091364985653,"fuel":1955.0279175291128},{"distance":1354.0426079043918,"fuel":1954.028727979031,"trucks":[[19,24,52,35,56],[6,15,40,30,4,16,61,5,22,37],[2,7,3,11,27,47,64],[43,34,66,9,41,59,33],[51,48,62,38,49,63,17],[32,46,14,44,23,57,36,20,39,12],[25,29,26,60,65,45,31],[42,21,18,55,54,53],[28,10,50,13,8,58]]},{"fuel":1953.4694959665946,"trucks":[[19,24,52,35,56],[6,15,40,30,4,16,61,5,22,37],[2,7,3,11,27,47,64],[43,34,66,9,41,59,33],[51,48,62,38,49,63,17],[12,32,39,20,36,57,23,44,14,46],[25,29,26,60,65,45,31],[42,21,18,55,54,53],[28,10,50,13,8,58]],"distance":1354.3167650989094},{"fuel":1952.517146996988,"trucks":[[19,24,52,35,56],[6,15,40,30,4,16,61,5,22,37],[2,7,3,11,27,47,64],[43,34,66,9,41,59,33],[51,48,17,63,49,38,62],[12,32,46,14,44,23,57,36,20,39],[25,29,26,60,65,45,31],[42,21,18,55,54,53],[28,10,50,13,8,58]],"distance":1354.431447213728},{"distance":1354.5204103038736,"trucks":[[19,24,52,35,56],[6,15,40,30,4,16,61,5,22,37],[2,7,3,11,27,47,64],[43,34,66,9,41,59,33],[48,62,38,49,63,17,51],[12,32,46,14,44,23,57,36,20,39],[25,29,26,60,65,45,31],[42,21,18,55,54,53],[28,10,50,13,8,58]],"fuel":1952.3083810040578},{"trucks":[[19,24,52,35,56],[6,15,40,30,4,16,61,5,22,37],[2,7,3,11,27,47,64],[43,34,66,9,41,59,33],[51,48,62,38,49,63,17],[12,32,46,14,44,23,57,36,20,39],[25,29,26,60,65,45,31],[42,21,18,55,54,53],[28,10,50,13,8,58]],"fuel":1951.517957446906,"distance":1354.6649186195546},{"distance":1355.3657448686208,"fuel":1951.1253995926018,"trucks":[[56,24,52,35,19],[6,15,40,30,4,16,61,5,22,37],[2,7,3,11,27,47,64],[43,34,66,9,41,59,33],[51,48,62,38,49,63,17],[32,46,14,44,23,57,36,20,39,12],[25,29,26,60,65,45,31],[42,21,18,55,54,53],[28,10,50,13,8,58]]},{"trucks":[[2,56,19,24,52,35],[6,15,40,30,4,16,61,5,22,37],[7,3,11,27,47,64],[43,34,66,9,41,59,33],[51,48,62,38,49,63,17],[12,32,46,14,44,23,57,36,20,39],[25,29,26,60,65,45,31],[42,21,18,55,54,53],[28,10,50,13,8,58]],"distance":1355.835165566083,"fuel":1939.1240623154706}],"benchmark":"B-n66-k9","Optimal":1316}