{"front":[{"fuel":1400.8665573507153,"trucks":[[50,25,57,24],[40,10,26,56,19],[30,6,38,21,16],[18,41,13],[8,54,15,36],[49,48,37,22],[5,46,28,14],[33,51,45,4],[2,44,42,43,23],[35,47,53,58],[27,39,12],[3,29,31],[7,34,17,52],[59,11,32],[9,20,60,55]],"distance":1008.2535877051432},{"distance":1010.367602404572,"fuel":1400.656945474615,"trucks":[[50,25,57,24],[40,10,26,56,19],[30,6,38,21,16],[18,41,13],[8,54,15,36],[49,48,37,22],[5,46,28,14],[33,51,45,4],[2,44,42,43,23],[35,47,53,58],[27,39,12],[3,29,31],[7,34,17,52],[59,11,32],[9,20,55,60]]},{"trucks":[[50,25,57,24],[40,10,26,56,19],[30,6,38,21,16],[18,41,13],[8,54,15,36],[49,48,37,22],[5,46,28,14],[4,45,33,51],[2,44,42,43,23],[35,47,53,58],[27,39,12],[3,29,31],[7,34,17,52],[59,11,32],[9,20,60,55]],"distance":1010.8306480668732,"fuel":1400.072181729772},{"trucks":[[50,25,57,24],[40,10,26,56,19],[30,6,38,21,16],[18,41,13],[8,54,15,36],[49,48,37,22],[5,46,28,14],[4,45,33,51],[2,44,42,43,23],[35,47,53,58],[27,39,12],[3,29,31],[7,34,17,52],[59,11,32],[9,20,55,60]],"fuel":1399.8625698536716,"distance":1012.944662766302}],"benchmark":"P-n60-k15","Optimal":968}