{"front":[{"fuel":1563.489042451919,"trucks":[[14,59,16,57,56,55,29],[33,66,38,24,9,60,30],[15,12,36,50,2,20,21],[18,39,11,28,44,42,17],[67,52,25,8,51,5,47],[10,49,64,26,22,23,53,46,13],[34,48,3,27,19,32],[54,45,43],[63,62,31,58,4,61],[6,41,65,35,7,37,40]],"distance":1110.6160642413397},{"fuel":1560.5647620302675,"distance":1110.9217226214914,"trucks":[[29,14,59,16,57,56,55],[33,66,38,24,9,60,30],[15,12,36,50,2,20,21],[18,39,11,28,44,42,17],[67,52,25,8,51,5,47],[10,49,64,26,22,23,53,46,13],[34,48,3,27,19,32],[54,45,43],[63,62,31,58,4,61],[6,41,65,35,7,37,40]]},{"distance":1111.0441063155276,"fuel":1555.8385711783512,"trucks":[[14,59,16,57,56,55,29],[33,66,38,24,9,60,30],[15,12,36,50,2,20,21],[18,39,11,28,44,42,17],[67,52,25,8,51,5,47],[10,49,64,26,22,23,53,46,13],[34,48,3,27,19,32],[6,45,43],[63,62,31,58,4,61],[54,41,65,35,7,37,40]]},{"fuel":1550.7934981666253,"trucks":[[29,14,59,57,16,55,56],[33,66,38,24,9,60,30],[15,12,36,50,2,20,21],[18,39,11,28,44,42,17],[67,52,25,8,51,5,47],[10,49,64,26,22,23,53,46,13],[34,48,3,27,19,32],[6,45,43],[63,62,31,58,4,61],[54,40,37,7,35,65,41]],"distance":1112.9980550765579},{"trucks":[[29,14,59,57,16,56,55],[42,60,25,30,8,51,5,47],[15,12,36,50,2,20,21],[18,39,11,28,44,17],[67,52,66,38,24,9,33],[10,49,64,26,22,23,53,46,13],[34,48,3,27,19,32],[54,43,45,35,7],[63,62,31,58,4,61],[6,41,65,37,40]],"distance":1117.2118617137744,"fuel":1549.8645167642019},{"trucks":[[14,59,57,16,56,55,29],[42,60,25,30,8,51,5,47],[15,12,36,50,2,20,21],[18,39,11,28,44,17],[67,52,66,38,24,9,33],[10,49,64,26,22,23,53,46,13],[34,48,3,27,19,32],[54,43,45,35,7],[63,62,31,58,4,61],[6,40,37,65,41]],"fuel":1549.622953488167,"distance":1117.5188351470144},{"trucks":[[29,14,59,57,16,56,55],[42,60,25,30,8,51,5,47],[15,12,36,50,2,20,21],[18,39,11,28,44,17],[67,52,66,38,24,9,33],[10,49,64,26,22,23,53,46,13],[34,48,3,27,19,32],[54,43,45,35,7],[63,62,31,58,4,61],[6,40,37,65,41]],"distance":1117.8244935271662,"fuel":1546.698673066516}],"benchmark":"B-n67-k10","Optimal":1032}