{"front":[{"trucks":[[29,14,16,57,59,13],[32,19,27,3,42,28,11,44,17],[43,45,41,65,35,7,37],[10,49,64,26,22,56,55,23,53,46],[67,52,33,9,24,38,66],[4,58,31,62,63,61],[18,39,8,25,60,30],[12,36,50,2,20,21],[47,51,15,5,40,54],[48,34,6]],"distance":1105.5042516402937,"fuel":1557.8879536021177},{"trucks":[[29,14,16,57,59,13],[32,19,27,3,42,28,11,44,17],[43,45,41,65,35,7,37],[10,49,64,26,22,56,55,23,53,46],[67,52,33,9,24,38,66],[4,58,31,62,63,61],[18,39,8,25,60,30],[12,36,50,2,20,21],[47,15,51,5,40,54],[48,34,6]],"fuel":1557.849867260739,"distance":1105.5441161254205},{"fuel":1557.7876673611004,"trucks":[[29,14,16,57,59,13],[32,19,27,3,42,28,11,44,17],[43,45,41,65,35,7,37],[10,49,64,26,22,56,55,23,53,46],[67,52,33,9,24,38,66],[4,58,31,62,63,61],[18,39,8,25,60,30],[15,12,36,50,2,20,21],[47,51,5,40,54],[48,34,6]],"distance":1105.5849177839743},{"trucks":[[29,14,16,57,59,13],[32,19,27,3,42,28,11,44,17],[43,45,41,65,35,7,37],[10,49,64,26,22,56,55,23,53,46],[67,52,33,66,38,24,9],[4,58,31,62,63,61],[18,39,8,25,60,30],[12,36,50,2,20,21],[47,51,15,5,40,54],[48,34,6]],"distance":1106.1068408139358,"fuel":1552.6584093843794},{"distance":1106.1467052990627,"fuel":1552.6203230430008,"trucks":[[29,14,16,57,59,13],[32,19,27,3,42,28,11,44,17],[43,45,41,65,35,7,37],[10,49,64,26,22,56,55,23,53,46],[67,52,33,66,38,24,9],[4,58,31,62,63,61],[18,39,8,25,60,30],[12,36,50,2,20,21],[47,15,51,5,40,54],[48,34,6]]},{"distance":1106.1909716243222,"trucks":[[29,14,16,57,59,13],[32,19,27,3,42,28,11,44,17],[43,45,41,65,35,7,37],[10,49,64,26,22,56,55,23,53,46],[67,52,66,38,24,9,33],[4,58,31,62,63,61],[18,39,8,25,60,30],[12,36,50,2,20,21],[47,15,51,5,40,54],[48,34,6]],"fuel":1552.5027323241623},{"trucks":[[29,14,16,57,59,13],[32,19,27,3,42,28,11,44,17],[54,45,41,65,35,7,37],[10,49,64,26,22,56,55,23,53,46],[67,52,33,66,38,24,9],[4,58,31,62,63,61],[18,39,8,25,60,30],[12,36,50,2,20,21],[47,15,51,5,40,43],[48,34,6]],"distance":1106.7324917366893,"fuel":1550.3802138346084}],"Optimal":1032,"benchmark":"B-n67-k10"}