{"front":[{"fuel":1541.2834717359415,"trucks":[[18,39,11,28,44,17,67],[59,57,16,56,55,23,53,46,13],[27,3,52,60,25,30,42],[12,36,50,2,20,21],[14,29,6,22,26,64],[63,62,31,58,4,61],[51,15,47,5,40,43,45],[49,10,41,65,35,7,37,54],[33,66,38,24,9,8],[48,34,19,32]],"distance":1086.9329265004658},{"fuel":1537.3598457557184,"trucks":[[18,39,11,28,44,17,67],[59,57,16,56,55,23,53,46,13],[27,3,52,60,25,30,42],[12,2,50,36,20,21],[14,29,6,22,26,64],[63,62,31,58,4,61],[51,15,47,5,40,43,45],[49,10,54,41,65,35,7,37],[33,66,38,24,9,8],[48,34,19,32]],"distance":1086.941033766211},{"distance":1089.4807192305636,"fuel":1537.2499840603293,"trucks":[[18,39,11,28,44,17,67],[59,57,16,56,55,23,53,46,13],[27,3,52,60,25,30,42],[12,21,20,36,50,2],[14,29,6,22,26,64],[63,62,31,58,4,61],[51,15,47,5,40,43,45],[49,10,54,41,65,35,7,37],[33,66,38,24,9,8],[48,34,19,32]]},{"distance":1090.0601523129183,"trucks":[[18,39,11,28,44,17,67],[59,57,16,56,55,23,53,46,13],[27,3,52,60,25,30,42],[12,21,20,36,50,2],[6,29,14,22,26,64],[63,62,31,58,4,61],[51,15,47,5,40,43,45],[49,10,54,41,65,35,7,37],[33,66,38,24,9,8],[48,34,19,32]],"fuel":1537.1498789333825}],"benchmark":"B-n67-k10","Optimal":1032}