{"benchmark":"B-n64-k9","front":[{"trucks":[[19,30,12,29,57,14,17],[63,50,44,53],[48,62,51,11,13],[38,60,5,6,25,16,20,4,33],[31,47,9,22,28,39,41,35,18],[61,49,37,36,15,23,52,56,10],[24,40,43,64,3,21,58],[26,59,46,45,54,7,34],[8,32,55,42,27,2]],"distance":895.1676415081611,"fuel":1315.5132995499448},{"trucks":[[19,30,12,29,57,14,17],[63,50,44,53],[48,62,51,11,13],[38,60,5,6,25,16,20,4,33],[31,47,9,22,28,39,35,41,18],[61,37,49,36,15,23,52,56,10],[24,40,43,64,3,21,58],[26,59,45,46,54,7,34],[8,32,55,42,27,2]],"distance":895.6573370647719,"fuel":1314.9799072406515},{"trucks":[[19,30,12,29,57,14,17],[63,50,44,53],[48,62,51,11,13],[38,20,16,25,6,5,60,4,33],[31,47,9,22,28,39,41,35,18],[61,37,49,36,15,23,52,56,10],[24,40,43,64,3,21,58],[26,59,45,46,54,7,34],[8,32,55,42,27,2]],"distance":896.1774950907828,"fuel":1310.008869876584},{"trucks":[[19,30,12,29,57,14,17],[63,50,44,53,40],[48,62,51,11,13],[38,23,60,5,6,25,16,20,4],[31,47,9,22,28,39,41,35,18],[61,37,49,36,15,52,56,10],[24,26,43,64,3,21,58],[46,45,59,7,54,33,34],[8,32,55,42,27,2]],"distance":909.9534303736764,"fuel":1302.4062966497827},{"trucks":[[19,30,12,29,57,14,17],[63,50,44,53,40],[48,62,51,11,13],[38,60,5,6,25,16,20,4,33],[31,47,9,22,35,41,39,28,18],[61,37,49,36,15,23,52,56,10],[24,26,43,64,3,21,58],[45,46,59,54,7,34],[8,32,55,42,27,2]],"distance":910.8729152107917,"fuel":1299.8055605040895},{"fuel":1299.80308244555,"trucks":[[19,30,12,29,57,14,17],[63,50,44,53,40],[48,62,51,11,13],[38,60,5,6,25,16,20,4,33],[18,9,22,28,39,41,35,47,31],[37,61,49,36,15,23,52,56,10],[24,26,43,64,3,21,58],[45,46,59,54,7,34],[8,32,55,42,27,2]],"distance":911.3681634778981},{"fuel":1299.1651059630697,"trucks":[[19,30,12,29,57,14,17],[63,50,44,53,40],[48,62,51,11,13],[38,60,5,6,25,16,20,4,33],[31,47,9,22,28,39,41,35,18],[37,49,61,36,15,23,52,56,10],[26,24,43,64,3,21,58],[46,45,59,54,7,34],[8,32,55,42,27,2]],"distance":911.5370280619264},{"trucks":[[19,30,12,29,57,14,17],[63,50,44,53,40],[48,62,51,11,13],[38,10,20,16,25,6,5,60,33],[31,47,9,22,28,35,41,39,18],[4,61,49,37,36,15,23,52,56],[26,24,43,64,3,21,58],[45,46,59,54,7,34],[8,32,55,42,27,2]],"distance":911.7624949741381,"fuel":1291.562012014559},{"trucks":[[19,30,12,29,57,14,17],[63,50,44,53,40],[48,62,51,11,13],[38,10,20,16,25,6,5,60,33],[31,47,9,22,28,39,41,35,18],[4,49,61,37,36,15,23,52,56],[26,24,43,64,3,21,58],[45,46,59,54,7,34],[8,32,55,42,27,2]],"distance":912.0966074940043,"fuel":1290.7873630447393},{"fuel":1290.2539707354458,"trucks":[[19,30,12,29,57,14,17],[63,50,44,53,40],[48,62,51,11,13],[38,10,20,16,25,6,5,60,33],[31,47,9,22,28,39,35,41,18],[4,37,49,61,36,15,23,52,56],[24,26,43,64,3,21,58],[46,45,59,54,7,34],[8,32,55,42,27,2]],"distance":912.586303050615}],"Optimal":861}