{"benchmark":"B-n64-k9","front":[{"trucks":[[63,50,53,2,40],[16,37,49,36,15,60,52,56,23],[34,30,12,29,57,14,17],[26,24,43,64,3,21,58],[11,13,20,25,6,5,61],[18,9,22,28,39,41,35,47,31],[8,32,55,42,27,44],[46,45,59,54,7,4,33],[48,62,19,51,38,10]],"distance":907.0414133709186,"fuel":1286.328104306027},{"trucks":[[63,50,53,2,40],[16,37,49,36,15,60,52,56,23],[34,30,12,29,57,14,17],[26,24,43,64,3,21,58],[11,13,20,25,6,5,61],[18,9,22,28,39,35,41,47,31],[8,32,55,42,27,44],[45,46,59,54,7,4,33],[48,62,19,51,38,10]],"distance":907.4993034828111,"fuel":1285.7851649487156},{"trucks":[[63,50,53,2,40],[16,37,49,36,15,60,52,56,23],[34,30,12,29,57,14,17],[24,26,43,64,3,21,58],[11,13,20,25,6,5,61],[31,47,9,22,28,39,35,41,18],[8,32,55,42,27,44],[46,45,59,54,7,4,33],[48,62,51,19,38,10]],"distance":907.6999735115579,"fuel":1285.1567355142533},{"trucks":[[63,50,53,2,40],[16,37,49,36,15,60,52,56,23],[34,30,12,29,57,14,17],[24,26,43,64,3,21,58],[11,13,20,61,5,6,25],[31,47,9,22,28,39,35,41,18],[8,32,55,42,27,44],[46,45,59,54,7,4,33],[48,62,51,19,38,10]],"distance":908.3454503282209,"fuel":1285.0869845549678}],"Optimal":861}