{"front":[{"fuel":1342.7653674485725,"trucks":[[4,20,16,25,6,5,15,60,36,49],[33,10,38,13,11,19,62,34],[18,9,22,28,39,41,35,47],[24,26,58,21,64,43,40,53],[63,50,44,42],[8,55,32,17,14,57,29],[30,48,56,52,23,61,37],[51,12,31,27,2],[45,46,7,54,59,3]],"distance":927.3247306245256},{"trucks":[[4,20,16,25,6,5,15,60,36,49],[33,10,38,13,11,19,62,34],[31,9,22,28,39,41,35,18],[24,26,58,21,64,43,40,53],[63,50,44,42],[8,47,55,32,17,14,57,29],[30,48,56,52,23,61,37],[51,12,27,2],[45,46,7,54,59,3]],"distance":927.3519382856617,"fuel":1341.2841958599636},{"trucks":[[4,20,16,25,6,5,15,60,36,49],[33,10,38,13,11,19,62,34],[31,9,22,35,41,39,28,18],[26,24,58,21,64,43,40,53],[63,50,44,42],[8,47,55,32,17,14,57,29],[30,48,56,52,23,61,37],[51,12,27,2],[46,45,59,54,7,3]],"distance":927.504614610501,"fuel":1339.934851464861},{"trucks":[[4,20,16,25,6,5,15,60,36,49],[33,10,38,13,11,19,62,34],[31,9,22,28,39,41,35,18],[24,26,58,21,64,43,40,53],[63,50,44,42],[8,47,55,32,17,14,57,29],[30,48,56,52,23,61,37],[51,12,27,2],[45,46,59,54,7,3]],"distance":928.1687274616359,"fuel":1339.2943969238413},{"trucks":[[4,20,16,25,6,5,15,60,36,49],[33,10,38,13,11,19,62,34],[31,9,22,28,39,35,41,18],[24,26,58,21,64,43,40,53],[63,50,44,42],[8,47,55,32,17,14,57,29],[30,48,56,52,23,61,37],[51,12,27,2],[45,46,59,54,7,3]],"distance":928.6584230182466,"fuel":1338.7610046145478},{"trucks":[[4,20,16,25,6,5,15,60,36,49],[33,10,38,13,11,19,62,34],[31,9,22,28,39,35,41,18],[24,26,58,21,64,43,40,53],[63,50,44,42],[8,47,55,32,17,14,57,29],[30,48,37,61,23,52,56],[51,12,27,2],[45,46,59,54,7,3]],"distance":931.9971383878226,"fuel":1338.401543180641}],"benchmark":"B-n64-k9","Optimal":861}