{"Optimal":681,"front":[{"trucks":[[54,59,41,22,74,73,75,23,42,76,57,24,68,40,26,56,5,55,25,30,79,35,36,72,66,67,21,31],[97,100,94,99,38,101,92,86,62,17,87,39,45,15,43,44,16,58,3,88,98,96,60,93],[27,13,81,69,78,4,80,34,82,10,52,33,91,64,12,65,50,37,48,20,63,11,71,70],[14,95,7,90,53,19,84,61,6,85,18,46,9,47,49,83,8,89,32,2,51,77,29,28]],"fuel":1027.528071844348,"distance":736.0958225263364},{"trucks":[[54,59,41,22,74,73,75,23,42,76,57,24,68,40,26,56,5,55,25,30,79,35,36,72,66,67,21,31],[93,60,100,94,99,38,101,92,86,62,17,87,39,45,15,43,44,16,58,3,88,98,96,97],[27,13,81,69,78,4,80,34,82,10,52,33,91,64,12,65,50,37,48,20,63,11,71,70],[14,95,7,90,53,19,84,61,6,85,18,46,9,47,49,83,8,89,32,2,51,77,29,28]],"distance":736.3384632134557,"fuel":1026.876323457626},{"distance":736.6275834844691,"trucks":[[54,59,41,22,74,73,75,23,42,76,57,24,68,40,26,56,5,55,25,30,79,35,36,72,66,67,21,31],[97,60,100,94,99,38,101,92,86,62,17,87,39,45,15,43,44,16,58,3,88,98,96,93],[27,13,81,69,78,4,80,34,82,10,52,33,91,64,12,65,50,37,48,20,63,11,71,70],[14,95,7,90,53,19,84,61,6,85,18,46,9,47,49,83,8,89,32,2,51,77,29,28]],"fuel":1022.3827625599661},{"fuel":1015.3817687858235,"distance":736.7984967561467,"trucks":[[54,59,41,22,74,73,75,23,42,76,57,24,68,40,26,56,5,55,25,30,79,35,36,72,66,67,21,31],[95,96,60,93,94,99,38,101,92,86,62,17,87,39,45,15,43,44,16,58,3,88,98,14],[27,13,81,69,78,4,80,34,82,10,52,33,91,64,12,65,50,37,48,20,63,11,71,70],[28,29,77,51,2,32,89,8,83,49,47,9,46,18,85,6,61,84,19,53,90,7,97,100]]},{"fuel":1013.787883310454,"trucks":[[54,59,41,22,74,73,75,23,42,76,57,24,68,40,26,56,5,55,25,30,79,35,36,72,66,67,21,31],[95,96,60,100,94,99,38,101,92,86,62,17,87,39,45,15,43,44,16,58,3,88,98,14],[27,13,81,69,78,4,80,34,82,10,52,33,91,64,12,65,50,37,48,20,63,11,71,70],[28,29,77,51,2,32,89,8,83,49,47,9,46,18,85,6,61,84,19,53,90,7,97,93]],"distance":738.8106405747078}],"benchmark":"P-n101-k4"}