{"benchmark":"P-n50-k10","front":[{"trucks":[[34,2,44,43,42,24,50],[35,47,9,36,20,14],[49,48,37,38,21,16],[39,11,32,40],[3,23,29,22],[41,33,45,4],[13,10,26,19,25],[8,12,15,28],[27,18,17,7,31],[5,46,30,6]],"distance":745.9701214810528,"fuel":1035.6332614704695},{"trucks":[[34,2,44,43,42,24,50],[35,47,9,36,20,14],[49,48,37,38,21,16],[39,11,32,40],[3,29,23,22],[41,33,45,4],[13,10,26,19,25],[8,12,15,28],[27,18,17,7,31],[5,46,30,6]],"fuel":1034.1835825494436,"distance":748.131944654812}],"Optimal":696}