{"Optimal":696,"front":[{"trucks":[[46,30,6,38,21,16],[8,36,15,20,14,28],[29,23,43,42,44,24,50],[7,22,37,48,49],[39,11,32,26],[35,5,31,3],[45,33,19,25,4],[41,10,40,13],[18,17,2,34],[47,9,12,27]],"distance":741.2591766353889,"fuel":1052.768247006757},{"distance":743.4771833627642,"trucks":[[46,30,6,38,21,16],[8,36,15,20,14,28],[29,23,43,42,44,24,50],[7,22,37,48,49],[39,11,32,26],[35,5,31,3],[45,33,19,25,4],[41,10,40,13],[18,17,34,2],[47,9,12,27]],"fuel":1051.8156459255265},{"fuel":1051.659506441878,"trucks":[[46,30,6,38,21,16],[8,36,15,20,14,28],[29,23,43,42,44,24,50],[49,48,37,22,2],[39,11,32,26],[35,5,31,3],[45,33,19,25,4],[41,10,40,13],[7,34,17,18],[47,9,12,27]],"distance":744.0804403472582},{"trucks":[[46,30,6,38,21,16],[8,36,15,20,14,28],[29,23,43,42,44,24,50],[7,22,37,48,49],[39,11,32,26],[35,5,31,3],[4,45,33,19,25],[41,10,40,13],[18,17,34,2],[47,9,12,27]],"distance":744.8556026625067,"fuel":1049.7832313981814},{"trucks":[[46,30,6,38,21,16],[8,36,15,20,14,28],[29,23,43,42,44,24,50],[49,48,37,22,2],[39,11,32,26],[35,5,31,3],[4,45,33,19,25],[41,10,40,13],[7,34,17,18],[47,9,12,27]],"distance":745.4588596470007,"fuel":1049.627091914533}],"benchmark":"P-n50-k10"}