{"Optimal":1071,"front":[{"fuel":1674.1260563668457,"distance":1181.0309354089998,"trucks":[[48,20,12,65,50,37,47,9],[85,62,17,87,39,15],[59,14,96,98,93,60,100],[41,22,74,73,75,23,42,76,57],[32,11,91,33,64,63,89],[78,4,80,79,35,36,66,72],[5,40,24,68,26,56],[13,81,69,30,25,55,27],[97,94,86,92,101,38,99],[51,34,82,10,67,21,52],[88,3,58,16,44,43,45,18,46,84],[49,83,8,71,31,2,70,77],[54,95,7,6,61,19,53,90],[28,29]]},{"fuel":1670.9901656847633,"distance":1190.8473109807567,"trucks":[[48,20,12,65,50,37,47,9],[85,62,17,87,39,15],[59,14,96,98,93,60,100],[41,22,74,73,75,23,42,76,57],[32,89,63,11,64,91,33],[78,4,80,79,35,36,66,72],[5,40,24,68,26,56],[27,13,81,69,30,25,55],[97,94,86,92,101,38,99],[51,34,82,10,67,21,52],[88,3,58,16,44,43,45,18,46,84],[83,49,8,71,31,2,77],[54,95,7,6,61,19,53,90],[28,70,29]]},{"fuel":1663.0439564740414,"distance":1191.355448155031,"trucks":[[48,20,12,65,50,37,47,9],[85,62,17,87,39,15],[59,14,96,98,93,60,100],[41,22,74,73,75,23,42,76,57],[32,89,63,11,64,91,33],[78,4,80,79,35,36,66,72],[5,40,24,68,26,56],[13,81,69,30,25,55,27],[97,94,86,92,101,38,99],[51,34,82,10,67,21,52],[88,3,58,16,44,43,45,18,46,84],[29,77,2,31,71],[54,95,7,6,61,19,53,90],[28,70,8,49,83]]},{"fuel":1660.9596445838504,"distance":1194.1884298900868,"trucks":[[48,20,12,65,50,37,47,9],[85,62,17,87,39,15],[59,14,96,98,93,60,100],[41,22,74,73,75,23,42,76,57],[32,89,63,11,64,91,33],[78,4,80,79,35,36,66,72],[5,40,24,68,26,56],[27,13,81,69,30,25,55],[97,94,86,92,101,38,99],[51,34,82,10,67,21,52],[88,3,58,16,44,43,45,18,46,84],[29,77,2,31,71],[54,95,7,6,61,19,53,90],[28,70,8,49,83]]},{"fuel":1660.4921115858133,"distance":1195.0135158317296,"trucks":[[83,49,48],[85,62,17,87,39,15],[59,14,96,98,93,60,100],[41,22,74,73,75,23,42,76,57],[32,89,63,11,64,91,33],[78,4,80,79,35,36,66,72],[5,40,24,68,26,56],[13,81,69,30,25,55,27],[97,94,86,92,101,38,99],[51,34,82,10,67,21,52],[88,3,58,16,44,43,45,18,46,84],[29,77,2,71,31],[54,95,7,6,61,19,53,90],[28,70,8,20,12,65,50,37,47,9]]},{"fuel":1658.831992275932,"distance":1197.4108227644053,"trucks":[[83,49,48],[85,62,17,87,39,15],[59,14,96,98,93,60,100],[41,22,74,73,75,23,42,76,57],[32,89,63,11,64,91,33],[78,4,80,79,35,36,66,72],[5,40,24,68,26,56],[27,13,81,69,30,25,55],[97,94,86,92,101,38,99],[77,34,82,10,67,21,52],[88,3,58,16,44,43,45,18,46,84],[29,51,2,71,31],[54,95,7,6,61,19,53,90],[28,70,8,20,12,65,50,37,47,9]]},{"fuel":1658.4077996956225,"distance":1197.8464975667855,"trucks":[[83,49,48],[85,62,17,87,39,15],[59,14,96,98,93,60,100],[41,22,74,73,75,23,42,76,57],[32,89,63,11,64,91,33],[78,4,80,79,35,36,66,72],[5,40,24,68,26,56],[27,13,81,69,30,25,55],[97,94,86,92,101,38,99],[51,34,82,10,67,21,52],[88,3,58,16,44,43,45,18,46,84],[29,77,2,71,31],[54,95,7,6,61,19,53,90],[28,70,8,20,12,65,50,37,47,9]]}],"benchmark":"E-n101-k14"}