{"benchmark":"E-n101-k14","front":[{"trucks":[[71,21,67,66,72,36,35,79,30,25],[86,62,17,45,15],[83,49,48,37,47,46,9],[55,56,26,40,68,24],[19,84,61,6,85,18,87,39],[4,80,34,82,10,52,51],[29,77,78,69,81,13],[27,5,57,76,75,23,42,16,44,43],[8,63,12,20,50,65,64,91],[59,41,22,73,74,3,58,88],[96,98,93,38,99,94,60,100],[54,14,95,101,92,97,7,90],[28,70,2,31,33,11,89,53],[32]],"fuel":1638.3935613333117,"distance":1161.5707361720158},{"trucks":[[71,21,67,66,72,36,35,79,30,25],[86,62,17,45,15],[83,49,48,37,47,46,9],[55,56,26,40,68,24],[19,84,61,6,85,18,87,39],[51,4,80,34,82,10,52],[29,13,81,69,78,77],[27,5,57,76,75,23,42,16,44,43],[8,63,12,20,50,65,64,91],[59,41,22,73,74,3,58,88],[96,60,100,94,99,38,93,98],[54,14,95,101,92,97,7,90],[28,70,2,31,33,11,89,53],[32]],"fuel":1635.7281222406302,"distance":1164.1800129384571},{"trucks":[[71,21,67,66,72,36,35,79,30,25],[86,62,17,45,15],[83,49,48,37,47,46,9],[55,56,26,40,68,24],[19,84,61,6,85,18,87,39],[4,80,34,82,10,52,51],[29,77,78,69,81,13],[27,5,57,76,75,23,42,16,44,43],[53,63,12,20,50,65,64,91],[59,41,22,73,74,3,58,88],[96,60,100,94,99,38,93,98],[54,14,95,101,92,97,7,90],[28,70,2,31,33,11,89,8],[32]],"fuel":1634.2829541567396,"distance":1165.73291495929},{"trucks":[[71,21,67,66,72,36,35,79,30,25],[86,62,17,45,15],[83,49,48,37,47,46,9],[55,56,26,40,68,24],[19,84,61,6,85,18,87,39],[4,80,34,82,10,52,51],[29,13,81,69,78,77],[27,5,57,76,75,23,42,16,44,43],[53,63,12,20,50,65,64,91],[59,41,22,73,74,3,58,88],[96,60,100,94,99,38,93,98],[54,14,95,101,92,97,7,90],[28,70,2,31,33,11,89,8],[32]],"fuel":1634.2542503767006,"distance":1166.1709541270247},{"trucks":[[71,21,67,66,72,36,35,79,30,25],[86,62,17,45,15],[83,49,48,37,47,46,9],[55,56,26,40,68,24],[19,84,61,6,85,18,87,39],[51,4,80,34,82,10,52],[29,77,78,69,81,13],[27,5,57,76,75,23,42,16,44,43],[53,63,12,20,50,65,64,91],[59,41,22,73,74,3,58,88],[96,60,100,94,99,38,93,98],[54,14,95,101,92,97,7,90],[28,70,2,31,33,11,89,8],[32]],"fuel":1633.681267502168,"distance":1167.363930583701},{"trucks":[[71,21,67,66,72,36,35,79,30,25],[86,62,17,45,15],[83,49,48,37,47,46,9],[55,56,26,40,68,24],[19,84,61,6,85,18,87,39],[51,4,80,34,82,10,52],[29,13,81,69,78,77],[27,5,57,76,75,23,42,16,44,43],[53,63,12,20,50,65,64,91],[59,41,22,73,74,3,58,88],[96,60,100,94,99,38,93,98],[54,14,95,101,92,97,7,90],[28,70,2,31,33,11,89,8],[32]],"fuel":1633.6525637221296,"distance":1167.8019697514358}],"Optimal":1071}