{"Optimal":1053,"benchmark":"M-n151-k12","front":[{"distance":1183.7966378714234,"trucks":[[80,34,82,121,10,104,21,129,132,33,91,64,127],[19,107,8,83,49,125,48,37,144,50,65,12,89],[85,18,114,87,142,45,120,15,143,43,44,16,58,145],[26,56,131,55,135,25,30,122,130,79,35,136,36,137,66,72,52],[28,133,70,2,102,71,123,31,67,109,11,63,149,128],[112,77,51,103,4,78,117,69,81,151,110,13],[14,118,96,98,93,38,101,92,86,94,100,105,60],[59,41,22,74,73,75,134,23,42,146,116,3,88,138],[90,148,7,95,6,119,61,84,115,9],[139,27,150,5,140,40,68,24,57,76,111],[32,124,108,20,47,46,126,62,17,141,39,99,97],[54,106,29,147,53,113]],"fuel":1694.2019814583643},{"trucks":[[80,34,82,121,10,104,21,129,132,33,91,64,127],[19,107,8,83,49,125,48,37,144,50,65,12,89],[85,18,114,87,142,45,120,15,143,43,44,16,58,145],[26,56,131,55,135,25,30,122,130,79,35,136,36,137,66,72,52],[28,133,70,2,102,71,123,31,67,109,11,63,149,128],[112,77,51,103,4,78,117,69,81,151,110,13],[118,96,60,105,100,94,86,92,101,38,93,98,14],[59,41,22,74,73,75,134,23,42,146,116,3,88,138],[90,148,7,95,6,119,61,84,115,9],[139,27,150,5,140,40,68,24,57,76,111],[32,124,108,20,47,46,126,62,17,141,39,99,97],[54,106,29,147,53,113]],"fuel":1694.1686079393066,"distance":1184.2119221204832},{"trucks":[[80,34,82,121,10,104,21,129,132,33,91,64,127],[19,107,8,83,49,125,48,37,144,50,65,12,89],[85,18,114,87,142,45,120,15,143,43,44,16,58,145],[26,56,131,55,135,25,30,122,130,79,35,136,36,137,66,72,52],[28,133,70,2,102,71,123,31,67,109,11,63,149,128],[112,77,51,103,4,78,117,69,81,151,110,13],[118,96,60,105,100,94,86,92,101,38,93,98,14],[59,41,22,74,73,75,134,23,42,146,116,3,88,138],[90,148,7,95,6,119,61,84,115,9],[27,150,5,140,40,68,24,57,76,111],[32,124,108,20,47,46,126,62,17,141,39,99,97],[54,106,139,29,147,53,113]],"distance":1184.864397962982,"fuel":1693.0173842931815},{"distance":1195.632614977674,"fuel":1683.4923780800636,"trucks":[[70,133,2,102,71,123,31,21,104,10,121,82,34,80],[19,107,8,83,49,125,48,37,144,50,65,12,89],[85,18,114,87,142,45,120,15,143,43,44,16,58,145],[13,110,151,81,69,122,130,79,35,136,36,137,66,72,52],[53,128,149,63,127,64,91,67,129,132,33,109,11],[112,103,51,77,117,78,4,30,25,135,55,131,56,26],[118,96,98,93,60,105,100,94,86,92,101,38,99,62],[59,41,22,74,73,75,134,23,42,146,116,3,88,138],[90,148,7,95,97,6,119,61,84,115,9],[27,150,5,140,40,68,24,57,76,111],[32,124,108,20,47,46,126,17,141,39,14],[54,106,139,29,28,147,113]]},{"trucks":[[133,70,2,102,71,123,31,21,104,10,121,82,34,80],[19,107,8,83,49,125,48,37,144,50,65,12,89],[85,18,114,87,142,45,120,15,143,43,44,16,58,145],[13,110,151,81,69,122,130,79,35,136,36,137,66,72,52],[53,128,149,63,11,109,33,132,129,67,91,64,127],[112,51,103,77,117,78,4,30,25,135,55,131,56,26],[118,96,98,93,60,100,105,94,86,92,101,38,99,62],[59,41,22,74,73,75,134,23,42,146,116,3,88,138],[90,148,7,95,97,6,119,61,84,115,9],[27,150,5,140,40,68,24,57,76,111],[32,124,108,20,47,46,126,17,141,39,14],[54,106,139,29,28,147,113]],"distance":1198.2382834281484,"fuel":1671.2332662234048}]}