{"benchmark":"E-n76-k10","Optimal":830,"front":[{"fuel":1325.8987034052955,"trucks":[[48,22,70,37,72,61,71,21,6],[17,50,4,45,33,51,19,56,26],[63,74,2,44,43,23,62,29,75],[53,28,46,30,49,31,3],[36,54,12,67,66,39],[34,64,65,42,57,24,25],[27,59,11,32,10,40,73],[60,15,20,55,14,58,16,38],[5,35,47,9,8,68],[76,69,7,52,18,41,13]],"distance":911.9393355601304},{"fuel":1325.0984490680764,"distance":914.7045575866681,"trucks":[[48,22,70,37,72,61,71,21,6],[17,50,4,45,33,51,19,56,26],[63,74,2,44,43,23,62,29,75],[53,28,46,30,49,31,3],[36,54,12,67,66,39],[34,64,25,24,57,42,65],[27,59,11,32,10,40,73],[60,15,20,55,14,58,16,38],[5,35,47,9,8,68],[76,69,7,52,18,41,13]]},{"trucks":[[6,48,22,70,37,72,61,71,21],[17,50,4,45,33,51,19,56,26],[63,74,2,44,43,23,62,29,75],[53,28,46,30,49,31,3],[36,54,12,67,66,39],[34,64,25,24,57,42,65],[27,59,11,32,10,40,73],[15,60,20,55,14,58,16,38],[5,35,47,9,8,68],[76,69,7,52,18,41,13]],"fuel":1317.1248797433545,"distance":917.3620658427369},{"fuel":1308.368846253211,"trucks":[[48,22,70,37,72,61,71,21,6],[17,50,4,45,33,51,19,56,26],[63,74,2,44,43,23,62,29,75],[53,28,46,30,49,31,3],[36,54,12,67,66,39],[34,64,65,42,57,24,25],[27,59,11,32,10,40,73],[68,8,9,20,15,60],[5,35,47,55,14,58,16,38],[76,69,7,52,18,41,13]],"distance":921.9840029408332},{"fuel":1306.8422447820917,"distance":927.8882706373442,"trucks":[[49,48,22,70,37,72,61,71,21],[17,50,4,45,33,51,19,56,26],[63,74,2,44,43,23,62,29,75],[53,28,46,30,6,31,3],[36,54,12,67,66,39],[34,64,65,42,57,24,25],[27,59,11,32,10,40,73],[68,8,9,20,15,60],[5,35,47,55,14,58,16,38],[76,69,7,52,18,41,13]]},{"fuel":1306.384176504359,"trucks":[[31,48,22,70,37,72,61,71,21],[17,50,4,45,33,51,19,56,26],[63,74,2,44,43,23,62,29,75],[53,28,46,30,6,49,3],[36,54,12,67,66,39],[34,64,25,24,57,42,65],[27,59,11,32,10,40,73],[68,8,9,20,60,15],[5,35,47,55,14,58,16,38],[76,69,7,52,18,41,13]],"distance":928.9969709803221},{"distance":930.6534926638819,"fuel":1306.0419904448727,"trucks":[[49,48,22,70,37,72,61,71,21],[17,50,4,45,33,51,19,56,26],[63,74,2,44,43,23,62,29,75],[53,28,46,30,6,31,3],[36,54,12,67,66,39],[34,64,25,24,57,42,65],[27,59,11,32,10,40,73],[68,8,9,20,15,60],[5,35,47,55,14,58,16,38],[76,69,7,52,18,41,13]]},{"trucks":[[31,48,22,70,37,72,61,71,21],[17,50,4,45,33,51,19,56,26],[63,74,2,44,43,23,62,29,75],[53,28,46,30,6,49,3],[36,54,12,67,66,39],[34,64,25,24,57,42,65],[27,59,11,32,10,40,73],[68,8,9,20,15,60],[5,35,47,55,14,58,16,38],[76,69,7,52,18,41,13]],"distance":930.7242950360052,"fuel":1304.0880653401202},{"trucks":[[31,22,48,70,37,72,61,71,21],[17,50,4,45,33,51,19,56,26],[63,74,2,44,43,23,62,29,75],[53,28,46,30,6,49,3],[36,54,12,67,66,39],[34,64,25,24,57,42,65],[27,59,11,32,10,40,73],[68,8,9,20,15,60],[5,35,47,55,14,58,16,38],[76,69,7,52,18,41,13]],"fuel":1303.955196428699,"distance":930.9076412096132},{"trucks":[[31,49,22,70,37,72,61,71,21],[17,50,4,45,33,51,19,56,26],[63,74,2,44,43,23,62,29,75],[53,28,46,30,6,48,3],[36,54,12,67,66,39],[34,64,25,24,57,42,65],[27,59,11,32,10,40,73],[68,8,9,20,15,60],[5,35,47,55,14,58,16,38],[76,69,7,52,18,41,13]],"distance":932.1811684418927,"fuel":1303.1541342620042}]}