{"benchmark":"B-n64-k9","front":[{"fuel":1334.725921402869,"trucks":[[31,18,9,22,28,39,41,35],[33,20,36,15,60,52,56,23,4],[45,46,59,54,7,3,21],[19,51,11,13,38,10],[34,30,12,29,57,14,17],[63,53,24,26,58,40,43,64],[62,49,37,61,5,6,25,16],[27,50,44],[2,47,42,55,32,48,8]],"distance":923.8184712059697},{"fuel":1322.7395451251487,"trucks":[[24,26,58,21,3,64,43],[47,22,9,28,39,35,41,18,31],[4,33,38,10,25,6,5,61,20],[16,37,49,36,15,60,52,56,23],[63,50,44,53,40],[32,55,42,8,27,2],[46,45,59,54,7,13],[34,30,12,29,57,17,14],[48,62,51,19,11]],"distance":926.5507944086057},{"fuel":1319.2161600576305,"distance":926.7677151720413,"trucks":[[26,24,43,64,3,21,58],[31,47,22,9,28,39,35,41,18],[4,33,38,20,61,5,6,25,10],[16,37,49,36,15,60,52,56,23],[63,50,44,53,40],[32,55,42,8,27,2],[46,45,59,54,7,13],[34,30,12,29,57,17,14],[48,62,51,11,19]]},{"fuel":1310.842752270818,"distance":932.1011601050288,"trucks":[[26,24,43,64,3,21,58],[31,47,22,9,28,39,35,41,18],[4,33,38,20,61,5,6,25,10],[16,37,49,36,15,60,52,56,23],[63,50,44,53,40],[32,55,42,8,27,2],[46,45,59,54,7,19],[34,30,12,29,57,17,14],[48,62,51,11,13]]}],"Optimal":861}