{"front":[{"distance":951.7234056937046,"trucks":[[4,44,32,28,34,21],[9,31,43,23,39,10],[8,17,19,30,33,20],[11,24,12],[6,18,41,2,13,29,26],[27,40,25,15,37,3,36,16],[7,22,35,38,42,5,14]],"fuel":1358.429552907848},{"fuel":1358.36183387992,"distance":952.6526626372641,"trucks":[[4,44,32,28,34,21],[9,31,43,23,39,10],[8,17,19,30,33,20],[11,24,12],[6,18,41,2,13,29,26],[15,40,25,27,37,3,36,16],[7,22,35,38,42,5,14]]},{"fuel":1358.2624708016747,"trucks":[[21,34,44,32,28,4],[9,31,43,23,39,10],[8,17,19,30,33,20],[11,24,12],[6,18,41,2,13,29,26],[15,40,25,27,37,3,36,16],[7,22,35,38,42,5,14]],"distance":952.7816027626228},{"trucks":[[4,44,32,28,34,21],[9,31,43,23,39,12],[8,17,19,30,33,20],[10,24,11],[6,18,41,2,13,29,26],[27,40,25,15,37,3,36,16],[7,22,35,38,42,5,14]],"fuel":1358.1054236073794,"distance":952.924965098883},{"distance":953.2467310432111,"fuel":1357.885901673599,"trucks":[[21,4,44,32,28,34],[9,31,43,23,39,12],[8,17,19,30,33,20],[10,24,11],[6,18,41,2,13,29,26],[27,40,25,15,37,3,36,16],[7,22,35,38,42,5,14]]},{"trucks":[[4,44,32,28,34,21],[8,9,31,43,23,39,12],[17,19,30,33,20],[10,24,11],[6,18,41,2,13,29,26],[15,40,25,27,37,3,36,16],[7,22,35,38,42,5,14]],"fuel":1357.7989031494683,"distance":953.7058751832433},{"distance":954.0276411275712,"fuel":1357.5793812156878,"trucks":[[21,4,44,32,28,34],[8,9,31,43,23,39,12],[17,19,30,33,20],[10,24,11],[6,18,41,2,13,29,26],[15,40,25,27,37,3,36,16],[7,22,35,38,42,5,14]]},{"trucks":[[21,4,34,32,28,44],[8,9,31,43,23,39,12],[17,19,30,33,20],[10,24,11],[6,18,41,2,13,29,26],[15,40,25,27,37,3,36,16],[7,22,35,38,42,5,14]],"distance":954.3634345721708,"fuel":1357.315166111361},{"distance":955.0817817784057,"trucks":[[21,4,34,32,28,44],[8,9,31,43,23,39,12],[17,19,30,33,20],[10,24,11],[6,18,41,2,13,29,26],[15,27,25,40,37,3,36,16],[7,22,35,38,42,5,14]],"fuel":1357.1348134132652}],"benchmark":"B-n44-k7","Optimal":909}