{"front":[{"trucks":[[7,24,25,44,8,27],[50,11,40,34,46,16],[17,51,22,35,31],[15,26,14,41],[49,9,32,29,23,2],[47,30,21,36,37,4],[18,38,45,43,20,42],[28,33,3,12],[13,6,10,39],[48,5,19]],"distance":764.2153375711466,"fuel":1086.2245631344158},{"fuel":1084.7272974299158,"trucks":[[7,24,25,44,8,27],[50,11,40,34,46,16],[17,51,22,35,31],[15,26,14,41],[49,9,32,29,23,2],[47,30,21,36,37,4],[38,45,43,20,42,18],[28,33,3,12],[13,6,10,39],[48,5,19]],"distance":764.7753434028923},{"trucks":[[7,24,25,44,8,27],[50,11,40,34,46,16],[17,51,22,35,31],[15,26,14,41],[49,9,32,29,23,2],[47,30,21,36,37,4],[38,45,43,20,42,18],[28,33,3,12],[13,6,39,10],[48,5,19]],"distance":766.7524987982933,"fuel":1084.618516384732},{"trucks":[[7,24,25,44,8,27],[50,11,40,34,46,16],[17,51,22,35,31],[15,26,14,41],[49,9,32,29,23,2],[47,30,21,36,37,4],[38,45,43,20,42,18],[28,33,3,12],[13,6,10,39],[48,19,5]],"distance":767.467178949136,"fuel":1084.530328779059},{"fuel":1084.421547733875,"trucks":[[7,24,25,44,8,27],[50,11,40,34,46,16],[17,51,22,35,31],[15,26,14,41],[49,9,32,29,23,2],[47,30,21,36,37,4],[38,45,43,20,42,18],[28,33,3,12],[13,6,39,10],[48,19,5]],"distance":769.4443343445371}],"benchmark":"P-n51-k10","Optimal":741}