{"Optimal":741,"benchmark":"P-n51-k10","front":[{"distance":791.3035054087018,"trucks":[[2,23,37,36,21,30,22],[9,27,32,29,4],[28,49,24,8,44],[14,42,41,20,43],[47,10,35,31,40,11],[6,39,50,51,17],[19,5,18,48],[38,45,16,46,34,33],[13,12,3],[15,26,25,7]],"fuel":1119.9903675449084},{"trucks":[[2,23,37,36,21,30,22],[9,27,32,29,4],[28,49,24,8,44],[14,42,20,41,43],[47,10,35,31,40,11],[6,39,50,51,17],[19,5,18,48],[38,45,16,46,34,33],[13,12,3],[15,26,25,7]],"distance":792.1688781922603,"fuel":1119.3140005657579},{"distance":793.908149530927,"fuel":1116.0050124714323,"trucks":[[2,23,37,36,21,30,22],[47,9,27,32,29,4],[28,49,24,8,44],[14,42,20,41,43],[51,35,31,40,11],[6,39,50,10,17],[48,19,5,18],[38,45,16,46,34,33],[13,12,3],[15,26,25,7]]}]}