{"benchmark":"P-n50-k10","Optimal":696,"front":[{"fuel":1035.4796749203238,"trucks":[[30,6,38,21,16,14,36],[10,26,19,25,50,4],[48,37,22,29,23],[34,2,44,43,42,24],[41,33,45,17],[35,28,46,49,31],[13,40,32,11],[47,9,20,15],[27,39,12,8],[5,3,7,18]],"distance":732.5087843876178},{"fuel":1033.863280600925,"trucks":[[30,6,38,21,16,14,36],[10,26,19,25,50,4],[48,37,22,29,23],[34,2,44,43,42,24],[41,33,45,17],[35,28,46,49,31],[13,40,32,11],[47,9,20,15],[27,8,12,39],[5,3,7,18]],"distance":734.2607175835343}]}