{"Optimal":696,"benchmark":"P-n50-k10","front":[{"fuel":1023.3645822117513,"distance":726.7801834792683,"trucks":[[29,23,43,42,44,24,50],[13,10,26,19,25],[5,46,30,38,6],[9,20,15,12],[28,14,16,21,37,48],[18,45,33,41],[31,49,22,3],[39,11,32,40],[7,34,2,17,4],[35,47,36,8,27]]},{"fuel":1020.5793187741663,"distance":726.9025380901965,"trucks":[[29,23,43,42,44,24,50],[13,10,26,19,25],[5,46,30,6,38],[9,20,15,12],[28,14,16,21,37,48],[18,45,33,41],[31,49,22,3],[39,11,32,40],[7,34,2,17,4],[35,47,36,8,27]]},{"fuel":1018.0448726390159,"distance":727.3126692754515,"trucks":[[29,23,43,42,44,24,50],[13,10,26,19,25],[5,46,30,38,6],[9,20,15,12],[28,14,16,21,37,48],[18,41,33,45],[31,49,22,3],[39,11,32,40],[7,34,2,17,4],[35,47,36,8,27]]},{"fuel":1015.259609201431,"distance":727.4350238863797,"trucks":[[29,23,43,42,44,24,50],[13,10,26,19,25],[5,46,30,6,38],[9,20,15,12],[28,14,16,21,37,48],[18,41,33,45],[31,49,22,3],[39,11,32,40],[7,34,2,17,4],[35,47,36,8,27]]},{"fuel":1014.8347227951804,"distance":734.0136966428917,"trucks":[[3,23,43,42,44,24,50],[40,10,26,19,25],[5,46,30,6,38],[9,20,15,12],[28,14,16,21,37,48],[18,41,33,45],[31,49,22,29],[13,39,11,32],[7,34,2,17,4],[35,47,36,8,27]]}]}