{"Optimal":1146,"benchmark":"A-n45-k7","front":[{"trucks":[[22,45,28,42,30,34],[39,24,26,16,43,2,38,6],[23,31,20,37,32],[5,12,44,4,29,7],[10,9,18,11,15,25],[40,36,35,27,3,13],[33,14,19,8,17,21,41]],"distance":1212.6247849511099,"fuel":1724.6397370943182},{"trucks":[[22,45,28,42,30,34],[39,24,26,16,43,2,38,6],[23,31,20,37,32],[5,7,29,4,44,12],[10,9,18,11,15,25],[40,36,35,27,3,13],[33,14,19,8,17,21,41]],"distance":1212.8896338281772,"fuel":1710.989564557532},{"trucks":[[22,45,28,42,30,34],[39,24,26,16,43,2,38,6],[23,31,20,37,32],[5,7,29,4,12,44],[10,9,18,11,15,25],[40,36,35,27,3,13],[33,14,19,8,17,21,41]],"distance":1215.5876676363343,"fuel":1710.7421916930552},{"trucks":[[22,45,34,30,42,28],[39,24,26,16,43,2,38,6],[9,23,31,20,37,32],[5,7,29,4,44,12],[10,18,11,15,25],[40,36,35,27,3,13],[33,14,19,8,17,21,41]],"distance":1217.0760576526752,"fuel":1707.4469653807248},{"trucks":[[22,45,34,30,42,28],[39,24,26,16,43,2,38,6],[23,31,20,37,32],[5,7,29,4,44,12],[10,9,18,11,15,25],[40,36,35,27,3,13],[33,14,19,8,17,21,41]],"distance":1217.2380964826168,"fuel":1706.8034330116652},{"trucks":[[22,45,34,30,42,28],[39,24,26,16,43,2,38,6],[23,31,20,37,32],[5,7,29,4,12,44],[10,9,18,11,15,25],[40,36,35,27,3,13],[33,14,19,8,17,21,41]],"distance":1219.936130290774,"fuel":1706.5560601471884}]}