{"Optimal":1032,"front":[{"distance":1074.4499760005192,"trucks":[[51,16,24,48,46,26,25,23,47],[49,34,20,4,36,2,21],[6,37,41,17,3,39,35,11,18],[42,28,32,33,38,13,9],[22,45,10,50,31,40,14],[7,8,29,27,44,12,5],[19,30,43,15]],"fuel":1555.9298872646214},{"distance":1074.5870244644261,"fuel":1555.9250533755833,"trucks":[[16,51,24,48,46,26,23,25,47],[49,34,20,4,36,2,21],[6,37,41,17,3,39,35,11,18],[42,28,32,33,38,13,9],[22,45,10,50,31,40,14],[7,8,29,27,44,12,5],[19,30,43,15]]},{"fuel":1555.6240085576067,"distance":1074.610138033865,"trucks":[[51,16,24,48,46,26,25,23,47],[49,34,20,4,36,2,21],[6,37,41,17,3,39,35,11,18],[42,28,32,33,38,13,9],[22,45,10,50,31,40,14],[12,5,44,27,29,8,7],[19,30,43,15]]},{"trucks":[[16,51,24,48,46,26,47,23,25],[49,34,20,4,36,2,21],[6,37,41,17,3,39,35,11,18],[42,28,32,33,38,13,9],[22,45,10,50,31,40,14],[12,5,44,27,29,8,7],[19,30,43,15]],"distance":1075.2120563181832,"fuel":1555.3651933137455},{"fuel":1555.1010684820983,"trucks":[[24,16,51,46,48,26,47,23,25],[34,49,20,4,36,2,21],[6,37,41,17,3,39,35,11,18],[42,28,32,33,38,13,9],[22,45,10,50,31,40,14],[12,5,44,27,29,8,7],[19,30,43,15]],"distance":1075.5790078105},{"trucks":[[16,51,24,46,48,26,47,23,25],[49,34,20,4,36,2,21],[6,37,41,18,11,35,39,3,17],[42,28,32,33,38,13,9],[22,45,10,50,31,40,14],[7,8,29,27,44,12,5],[19,30,43,15]],"distance":1076.2344871055557,"fuel":1552.8807566864723},{"distance":1076.3946491389015,"fuel":1552.5748779794576,"trucks":[[24,16,51,46,48,26,47,23,25],[49,34,20,4,36,2,21],[6,37,41,18,11,35,39,3,17],[42,28,32,33,38,13,9],[22,45,10,50,31,40,14],[12,5,44,27,29,8,7],[19,30,43,15]]},{"fuel":1551.3327479736674,"distance":1076.739459361974,"trucks":[[51,16,24,48,46,26,25,23,47],[34,49,20,4,36,2,21],[6,37,41,18,11,3,39,35,17],[42,28,32,33,38,13,9],[22,45,10,50,31,40,14],[12,5,44,27,29,8,7],[19,30,43,15]]},{"trucks":[[51,16,24,48,46,26,47,23,25],[34,49,20,4,36,2,21],[6,37,41,18,11,3,39,35,17],[42,28,32,33,38,13,9],[22,45,10,50,31,40,14],[12,5,44,27,29,8,7],[19,30,43,15]],"distance":1077.3413776462921,"fuel":1551.0739327298063}],"benchmark":"B-n51-k7"}