{"front":[{"fuel":884.6203768989383,"trucks":[[27,13,41,33,45,4,25,50],[46,30,6,16,21,38,37,48,49],[22,29,23,2,44,43,42,24,17],[39,12,54,15,20,55,14],[28,53,35,47,9,36,8],[5,31,3,34,7,52,18],[40,10,51,19,26,32,11],[]],"distance":622.1303882863875},{"fuel":883.2260435767488,"distance":622.6830977974834,"trucks":[[27,13,41,33,45,4,25,50],[46,30,6,16,21,38,37,48,49],[22,29,23,2,44,43,42,24,17],[39,12,54,15,20,55,14],[35,53,28,47,9,36,8],[5,31,3,34,7,52,18],[40,10,51,19,26,32,11],[]]},{"fuel":883.0572926863251,"distance":623.263925599973,"trucks":[[27,13,41,33,45,4,25,50],[46,30,6,16,21,38,37,48,49],[22,29,23,2,44,43,42,24,17],[39,12,54,15,20,55,14],[5,28,53,35,47,9,36,8],[18,52,34,7,3,31],[40,10,51,19,26,32,11],[]]},{"trucks":[[27,13,41,33,45,4,50,25],[46,30,6,16,21,38,37,48,49],[22,29,23,2,44,43,42,24,17],[39,12,54,15,20,55,14],[5,28,53,35,47,9,36,8],[18,52,7,34,3,31],[40,10,51,19,26,32,11],[]],"distance":623.4474100756742,"fuel":882.2921352195469},{"fuel":876.4572284509476,"distance":633.0384389290863,"trucks":[[12,39,11,32,26,51],[31,22,48,37,38,21,16,14,55],[35,47,9,20,15,54,36,8],[3,29,23,43,42,44,2],[5,46,30,49,6,28,53],[13,41,40,10,33,45,4],[52,7,34,17,24,50,25,19,18],[27]]},{"distance":636.4489135043592,"trucks":[[12,39,11,32,26,51],[31,22,48,37,38,21,16,14,55],[35,47,9,20,15,54,36,8],[3,29,23,43,42,44,2],[5,46,30,49,6,28,53],[13,41,40,10,33,45,4],[18,52,7,34,17,24,50,25,19],[27]],"fuel":870.540740786528}],"Optimal":588,"benchmark":"P-n55-k8"}