{"benchmark":"P-n55-k10","Optimal":694,"front":[{"trucks":[[39,11,32,26,51],[46,30,6,38,21,16],[8,54,12,15,36],[53,28,14,55,20,9],[52,4,45,33,10,40],[2,44,43,42,24,50,25,19],[31,22,37,48,49],[3,29,23,34,17],[27,13,41,18,7],[5,35,47]],"fuel":1011.5493320578128,"distance":716.9574321856836},{"distance":717.6692551869677,"trucks":[[39,11,32,26,51],[46,30,6,38,21,16],[8,54,12,15,36],[53,28,14,55,20,9],[52,4,45,33,10,40],[2,44,43,42,24,50,25,19],[31,49,48,37,22],[3,29,23,34,17],[27,13,41,18,7],[5,35,47]],"fuel":1008.2743212255402}]}