{"Optimal":694,"benchmark":"P-n55-k10","front":[{"fuel":1031.0585078391316,"distance":734.3817988448811,"trucks":[[10,26,51,19,25,50],[52,22,48,37,38,21,16],[5,46,30,6,49],[41,33,45,4,18],[13,40,32,11,39],[31,3,29,23,43,42],[7,34,2,44,24,17],[54,12,15,20,36],[35,53,28,14,55,47],[27,8,9]]},{"trucks":[[10,26,51,19,25,50],[52,22,48,37,38,21,16],[5,46,30,6,49],[18,41,33,45,4],[13,40,32,11,39],[31,3,29,23,43,42],[7,34,2,44,24,17],[54,12,15,20,36],[35,53,28,14,55,47],[27,8,9]],"distance":734.5531552792459,"fuel":1025.6701347501594},{"distance":735.0108771138953,"fuel":1024.8396748035748,"trucks":[[10,26,51,19,25,50],[52,22,48,37,38,21,16],[5,46,30,6,49],[18,41,33,45,4],[13,40,32,11,39],[31,3,29,23,43,42],[7,34,2,44,24,17],[36,54,12,15,20],[35,53,28,14,55,47],[27,8,9]]},{"trucks":[[10,26,51,19,25,50],[52,22,48,37,38,21,16],[5,46,30,6,49],[18,41,33,45,4],[13,40,32,11,39],[31,3,29,23,43,42],[7,34,2,44,24,17],[54,12,15,20],[35,53,28,14,55,47],[27,8,36,9]],"fuel":1023.9211298873574,"distance":735.5836210222193},{"fuel":1022.3606345517298,"trucks":[[10,26,51,19,25,50],[52,22,48,37,38,21,16],[5,46,30,6,49],[18,41,33,45,4],[13,40,32,11,39],[31,3,29,23,43,42],[7,34,2,44,24,17],[54,12,15,20,36],[47,35,53,28,14,55],[27,8,9]],"distance":737.7765158870768},{"distance":738.2342377217263,"fuel":1021.5301746051452,"trucks":[[10,26,51,19,25,50],[52,22,48,37,38,21,16],[5,46,30,6,49],[18,41,33,45,4],[13,40,32,11,39],[31,3,29,23,43,42],[7,34,2,44,24,17],[36,54,12,15,20],[47,35,53,28,14,55],[27,8,9]]},{"trucks":[[10,26,51,19,25,50],[22,48,37,38,21,16],[5,46,30,6,49],[18,41,33,45,4],[13,40,32,11,39],[31,3,29,23,43,42],[7,34,2,44,24,17],[36,54,12,15,20],[47,53,28,14,55,9],[35,8,27,52]],"distance":740.1732719932793,"fuel":1020.7404555581425}]}