{"Optimal":694,"front":[{"fuel":1018.2568966662636,"trucks":[[54,15,12,39],[41,33,45,4,18],[22,48,37,38,21,16],[29,23,43,42,44,24,2],[52,17,50,25,19,51,26],[47,9,36,20,55,14,35],[13,40,10,32,11],[53,28,46,30,6,49],[7,34,3,31],[5,8,27]],"distance":720.109693468775},{"distance":720.2810499031397,"trucks":[[54,15,12,39],[18,41,33,45,4],[22,48,37,38,21,16],[29,23,43,42,44,24,2],[52,17,50,25,19,51,26],[47,9,36,20,55,14,35],[13,40,10,32,11],[53,28,46,30,6,49],[7,34,3,31],[5,8,27]],"fuel":1012.8685235772914},{"trucks":[[54,15,12,39],[41,33,45,4,18],[22,48,37,38,21,16],[29,23,43,42,44,24,2],[52,17,50,25,19,51,26],[35,47,9,36,20,55,14],[13,40,10,32,11],[53,28,46,30,6,49],[7,34,3,31],[5,8,27]],"fuel":1011.8455002926235,"distance":720.7264499041329},{"trucks":[[54,15,12,39],[18,41,33,45,4],[22,48,37,38,21,16],[29,23,43,42,44,24,2],[52,17,50,25,19,51,26],[35,47,9,36,20,55,14],[13,40,10,32,11],[53,28,46,30,6,49],[7,34,3,31],[5,8,27]],"distance":720.8978063384975,"fuel":1006.4571272036512}],"benchmark":"P-n55-k10"}