{"benchmark":"P-n55-k10","Optimal":694,"front":[{"distance":727.5583395748515,"trucks":[[22,48,37,21,38,49],[13,40,10,26,19,51],[36,54,15,20,55,9],[52,17,50,25,24,42,43,44],[12,39,11,32],[5,46,30,6,16,14],[41,33,45,4,18],[7,34,2,23,29],[27,8,47,35,53,28],[3,31]],"fuel":1021.2801742583944},{"trucks":[[49,22,48,37,38,21],[13,40,10,26,19,51],[36,54,15,20,55,9],[52,17,50,25,24,42,43,44],[12,39,11,32],[5,46,30,6,16,14],[41,33,45,4,18],[7,34,2,23,29],[27,8,47,35,53,28],[3,31]],"fuel":1013.2574881376868,"distance":727.7222071488734},{"fuel":1007.8691150487144,"trucks":[[49,22,48,37,38,21],[13,40,10,26,19,51],[36,54,15,20,55,9],[52,17,50,25,24,42,43,44],[12,39,11,32],[5,46,30,6,16,14],[18,41,33,45,4],[7,34,2,23,29],[27,8,47,35,53,28],[3,31]],"distance":727.8935635832379},{"distance":729.235208737457,"fuel":1005.0209909600115,"trucks":[[49,22,48,37,38,21],[13,40,10,26,19,51],[9,36,54,15,20,55],[52,17,50,25,24,42,43,44],[12,39,11,32],[5,46,30,6,16,14],[18,41,33,45,4],[7,34,2,23,29],[27,8,47,35,53,28],[3,31]]}]}