{"front":[{"trucks":[[22,48,37,38,21,16,14],[3,29,23,43,42,44],[40,10,26,19,51,45],[31,49,6,30,46,28],[34,2,24,25,50,17,4],[8,54,12,15,36],[52,33,32,11,39],[27,13,41,18,7],[47,9,20,55,53,35],[5]],"fuel":1037.261286050185,"distance":717.1116690934213},{"distance":717.8373968521535,"fuel":1032.1970154181256,"trucks":[[22,48,37,38,21,16,14],[3,29,23,43,42,44],[40,10,26,19,51,45],[31,49,6,30,46,28],[34,2,24,25,50,17,4],[8,54,12,15,36],[52,33,32,11,39],[27,13,41,18,7],[35,47,9,20,55,53],[5]]},{"fuel":1010.0986212897368,"trucks":[[13,40,10,26,19,51],[3,29,23,43,42,44],[52,17,50,25,24,2,34],[41,33,45,4,18],[46,30,6,16,21,38,37],[47,9,55,14,28,53],[36,54,12,15,20],[31,49,48,22,7],[27,8,39,11,32],[5,35]],"distance":720.3056580602487},{"fuel":1004.7102482007646,"trucks":[[13,40,10,26,19,51],[3,29,23,43,42,44],[52,17,50,25,24,2,34],[18,41,33,45,4],[46,30,6,16,21,38,37],[47,9,55,14,28,53],[36,54,12,15,20],[31,49,48,22,7],[27,8,39,11,32],[5,35]],"distance":720.4770144946132},{"distance":721.6885453370747,"fuel":1002.8414188523212,"trucks":[[13,40,10,26,19,51],[3,29,23,43,42,44],[52,17,50,25,24,2,34],[18,41,33,45,4],[46,30,6,16,21,38,37],[47,53,28,14,55,9],[54,12,15,20,36],[31,49,48,22,7],[27,8,39,11,32],[5,35]]},{"distance":722.1462671717242,"fuel":1002.0109589057366,"trucks":[[13,40,10,26,19,51],[3,29,23,43,42,44],[52,17,50,25,24,2,34],[18,41,33,45,4],[46,30,6,16,21,38,37],[47,53,28,14,55,9],[36,54,12,15,20],[31,49,48,22,7],[27,8,39,11,32],[5,35]]}],"benchmark":"P-n55-k10","Optimal":694}