{"benchmark":"P-n55-k10","Optimal":694,"front":[{"fuel":1012.1749872412222,"distance":719.0011731674238,"trucks":[[30,6,38,21,16,14,55],[3,29,23,43,42,44],[13,40,10,26,19,51],[8,36,54,15,20,9],[12,39,11,32],[52,17,50,25,24,2,34],[41,33,45,4,7],[31,22,37,48,49],[35,47,53,28,46],[5,27,18]]},{"fuel":1008.8999764089498,"trucks":[[30,6,38,21,16,14,55],[3,29,23,43,42,44],[13,40,10,26,19,51],[8,36,54,15,20,9],[12,39,11,32],[52,17,50,25,24,2,34],[41,33,45,4,7],[31,49,48,37,22],[35,47,53,28,46],[5,27,18]],"distance":719.712996168708}]}