{"benchmark":"P-n55-k10","Optimal":694,"front":[{"distance":713.0243349006756,"trucks":[[52,17,50,25,19,51,26],[29,23,2,44,43,42,24],[53,28,14,55,20,15],[7,34,3],[5,35,47,9,8],[13,40,10,32,11],[46,30,6,38,21,16],[41,33,45,4,18],[27,39,12,54,36],[31,22,37,48,49]],"fuel":992.552993312907},{"distance":713.1956913350402,"fuel":987.1646202239348,"trucks":[[52,17,50,25,19,51,26],[29,23,2,44,43,42,24],[53,28,14,55,20,15],[7,34,3],[5,35,47,9,8],[13,40,10,32,11],[46,30,6,38,21,16],[18,41,33,45,4],[27,39,12,54,36],[31,22,37,48,49]]},{"fuel":983.8896093916624,"trucks":[[52,17,50,25,19,51,26],[29,23,2,44,43,42,24],[53,28,14,55,20,15],[7,34,3],[5,35,47,9,8],[13,40,10,32,11],[46,30,6,38,21,16],[18,41,33,45,4],[27,39,12,54,36],[31,49,48,37,22]],"distance":713.9075143363244}]}