{"benchmark":"P-n60-k10","Optimal":744,"front":[{"distance":792.9638420375251,"trucks":[[30,6,38,21,16,58,14,55],[5,46,37,60,22],[8,54,12,15,20],[4,45,33,51,26,56,19,50],[27,39,32,11,59],[52,17,24,57,25],[18,41,10,40,13],[35,47,36,9,53,28],[31,49,48,29,3],[7,34,2,44,42,43,23]],"fuel":1100.4251873201483},{"distance":793.0447219029949,"trucks":[[30,6,38,21,16,58,14,55],[5,46,37,60,22],[8,54,12,15,20],[4,45,33,51,26,56,19,50],[27,59,11,32,39],[52,17,24,57,25],[18,41,10,40,13],[35,47,36,9,53,28],[31,49,48,29,3],[7,34,2,44,42,43,23]],"fuel":1090.4071540112616}]}