{"Optimal":744,"front":[{"trucks":[[6,38,21,16,58,14,55,36],[13,40,10,26,56,19,51],[27,39,32,11,59],[31,48,37,60,29,23],[8,54,12,15,20],[5,46,30,49,22],[2,44,43,42,57,24,50,17],[7,3,34,25,52],[41,33,45,4,18],[35,47,9,53,28]],"distance":795.3969330925413,"fuel":1124.4910486185113},{"trucks":[[6,38,21,16,58,14,55,36],[13,40,10,26,56,19,51],[27,59,11,32,39],[31,48,37,60,29,23],[8,54,12,15,20],[5,46,30,49,22],[2,44,43,42,57,24,50,17],[7,3,34,25,52],[41,33,45,4,18],[35,47,9,53,28]],"distance":795.4778129580109,"fuel":1114.4730153096245},{"trucks":[[6,38,21,16,58,14,55,36],[13,40,10,26,56,19,51],[27,59,11,32,39],[31,48,37,60,29,23],[8,54,12,15,20],[5,46,30,49,22],[2,44,43,42,57,24,50,17],[7,3,34,25,52],[18,41,33,45,4],[35,47,9,53,28]],"distance":795.6491693923755,"fuel":1109.316297617458}],"benchmark":"P-n60-k10"}