{"front":[{"trucks":[[21,9,5,20,34,26,36,15],[19,23,35,28,11,17,8,3],[12,7,2,37,18,24,22,33],[4,32,38,39,13,10,29,30],[14,31,16],[25,6,27]],"distance":855.5270106000803,"fuel":1203.3118929476427},{"distance":855.7955249138714,"fuel":1201.482891350838,"trucks":[[21,9,5,20,34,26,36,15],[19,23,35,28,11,17,8,3],[12,7,2,37,18,24,22,33],[4,32,38,39,13,10,29,30],[16,14,31],[25,6,27]]},{"trucks":[[21,9,5,20,34,26,36,15],[19,23,35,28,11,17,8,3],[12,7,2,37,18,24,22,33],[4,30,29,10,13,39,38,32],[16,14,31],[25,6,27]],"fuel":1200.6170845285594,"distance":867.8308717365095},{"distance":868.0976400207268,"trucks":[[3,34,20,5,17],[21,33,19,23,35,28,11,8,9,31],[27,6,13,39,38,32,36,26,15],[7,2,22,24,18,37,12],[16,14],[25,4,30,29,10]],"fuel":1191.819191067012},{"distance":871.0993510318839,"trucks":[[3,34,20,5,17],[31,21,33,19,23,35,28,11,8,9],[27,6,13,39,38,32,36,26,15],[7,2,22,24,18,37,12],[16,14],[25,4,30,29,10]],"fuel":1184.0111317554115},{"trucks":[[3,34,20,5,17],[31,21,33,19,23,35,28,11,8,9],[27,6,13,39,38,32,36,26,15],[12,7,2,37,18,24,22],[16,14],[25,4,30,29,10]],"distance":876.4476874526489,"fuel":1179.5273861488363}],"Optimal":831,"benchmark":"A-n39-k6"}