{"Optimal":831,"front":[{"fuel":1181.691766904771,"trucks":[[16,14],[31,8,9,5,20,34,3],[7,2,22,24,18,37,12,6],[4,13,39,38,32,36,26,15],[19,23,35,28,11,17,33,21],[25,30,29,10,27]],"distance":853.149368782643},{"fuel":1176.6944951894534,"trucks":[[16,14],[31,3,34,20,5,9,8],[7,2,22,24,18,37,12,6],[4,13,39,38,32,36,26,15],[19,23,35,28,11,17,33,21],[25,30,29,10,27]],"distance":853.4582188380607},{"distance":857.884167406257,"trucks":[[16,14],[31,8,9,5,20,34,3],[7,2,22,24,18,37,12,6],[4,13,39,38,32,36,26,15],[21,33,19,23,35,28,17,11],[25,30,29,10,27]],"fuel":1175.645003152206},{"trucks":[[16,14],[31,8,9,5,20,34,3],[7,2,22,24,18,37,12,6],[4,13,39,38,32,36,26,15],[21,33,19,23,35,28,11,17],[25,30,29,10,27]],"distance":858.4017321406898,"fuel":1171.664770363518},{"fuel":1166.6674986482003,"distance":858.7105821961075,"trucks":[[16,14],[31,3,34,20,5,9,8],[7,2,22,24,18,37,12,6],[4,13,39,38,32,36,26,15],[21,33,19,23,35,28,11,17],[25,30,29,10,27]]}],"benchmark":"A-n39-k6"}