{"benchmark":"P-n60-k15","Optimal":968,"front":[{"distance":1022.1076870835615,"trucks":[[10,40,26,56,19],[34,2,43,44],[6,38,21,16,58],[54,60,15],[3,29,31],[25,50,24,57,42],[53,28,14,55,20],[5,46,30,23],[49,48,37,22],[8,12,39],[33,51,45,4],[35,47,9,36],[18,52,17,7],[59,11,32],[27,13,41]],"fuel":1431.6701453906567},{"distance":1022.1076870835616,"trucks":[[34,2,43,44],[35,47,9,36],[10,40,26,56,19],[59,11,32],[3,29,31],[54,60,15],[6,38,21,16,58],[25,50,24,57,42],[53,28,14,55,20],[5,46,30,23],[49,48,37,22],[8,12,39],[33,51,45,4],[27,13,41],[18,52,17,7]],"fuel":1431.6701453906564},{"distance":1022.364685358865,"trucks":[[27,13,41],[54,60,15],[3,29,31],[6,38,21,16,58],[34,2,44,43],[25,50,24,57,42],[53,28,14,55,20],[10,40,26,56,19],[5,46,30,23],[49,48,37,22],[8,12,39],[33,51,45,4],[35,47,9,36],[18,52,17,7],[59,11,32]],"fuel":1430.0592755269354},{"distance":1023.170609601996,"trucks":[[6,38,21,16,58],[53,28,14,55,20],[49,48,37,22],[8,12,39],[5,46,30,23],[33,51,45,4],[34,2,43,44],[3,29,31],[27,13,41],[10,40,26,56,19],[35,47,9,36],[25,50,24,57,42],[59,11,32],[54,15,60],[18,52,17,7]],"fuel":1425.2352802173696},{"distance":1023.4276078772995,"trucks":[[34,2,44,43],[5,46,30,23],[54,15,60],[6,38,21,16,58],[49,48,37,22],[10,40,26,56,19],[53,28,14,55,20],[25,50,24,57,42],[3,29,31],[8,12,39],[33,51,45,4],[35,47,9,36],[18,52,17,7],[27,13,41],[59,11,32]],"fuel":1423.6244103536487},{"distance":1023.4276078772996,"trucks":[[59,11,32],[6,38,21,16,58],[34,2,44,43],[49,48,37,22],[10,40,26,56,19],[53,28,14,55,20],[25,50,24,57,42],[3,29,31],[8,12,39],[5,46,30,23],[33,51,45,4],[35,47,9,36],[18,52,17,7],[27,13,41],[54,15,60]],"fuel":1423.6244103536483},{"distance":1035.148296077883,"trucks":[[53,28,14,55,20],[27,13,41],[18,52,24,57,42],[49,48,37,22],[7,17,50,25],[34,2,44,43],[5,46,30,23],[10,40,26,56,19],[8,12,39],[3,29,31],[6,38,21,16,58],[33,51,45,4],[35,47,9,36],[59,11,32],[54,15,60]],"fuel":1421.09261490082}]}