{"benchmark":"P-n60-k15","Optimal":968,"front":[{"fuel":1422.5274164455013,"distance":1004.4806654962177,"trucks":[[18,52,17,34],[5,31,3],[29,22,48],[7,2,44,43,23],[40,10,26,56,19],[58,16,21,38,37],[33,51,45,4],[12,60,20],[8,54,15,36],[50,25,24,57,42],[39,11,32],[46,30,6,49],[53,28,14,55,9],[41,13,59],[27,47,35]]},{"fuel":1421.733040824558,"distance":1007.0577258579477,"trucks":[[53,28,14,55,9],[39,11,32],[46,30,6,49],[8,54,15,36],[50,25,24,57,42],[4,45,33,51],[40,10,26,56,19],[7,2,44,43,23],[58,16,21,38,37],[29,22,48],[5,31,3],[41,13,59],[12,60,20],[18,52,17,34],[27,47,35]]}]}