{"Optimal":861,"front":[{"fuel":1299.694847065071,"trucks":[[48,62,51,19,11],[31,47,18,32,55,42,27,2],[20,16,25,6,5,15,60,23,33],[63,50,44,53,21],[24,26,40,43,64,3,58],[34,30,12,29,57,14,17],[8,9,22,28,39,41,35],[38,56,52,36,49,61,37],[45,46,59,54,7,4,10,13]],"distance":903.3929879294802},{"fuel":1295.421874035591,"trucks":[[48,62,51,19,11],[31,47,18,32,55,42,27,2],[33,20,16,25,6,5,15,60,23],[63,50,44,53,21],[24,26,40,43,64,3,58],[34,30,12,29,57,14,17],[8,9,22,28,39,41,35],[38,56,52,36,49,37,61],[45,46,59,54,7,4,10,13]],"distance":903.4347115890142},{"trucks":[[48,62,51,19,11],[31,47,18,32,55,42,27,2],[33,4,20,16,25,6,5,15,60,23],[63,50,44,53,21],[24,26,40,43,64,3,58],[34,30,12,29,57,14,17],[8,9,22,28,35,41,39],[38,56,52,36,49,37,61],[45,46,59,54,7,10,13]],"distance":903.4354862731893,"fuel":1294.6405287205512},{"distance":903.7885688059721,"trucks":[[48,62,51,19,11],[31,47,18,32,55,42,27,2],[33,4,20,16,25,6,5,15,60,23],[63,50,44,53,21],[24,26,40,43,64,3,58],[34,30,12,29,57,14,17],[8,9,22,28,39,41,35],[38,56,52,36,49,37,61],[45,46,59,54,7,10,13]],"fuel":1293.8781675132504},{"fuel":1293.3464829140084,"distance":904.2897659837665,"trucks":[[48,62,51,19,11],[31,47,18,32,55,42,27,2],[33,4,20,16,25,6,5,15,60,23],[63,50,44,53,21],[24,26,40,43,64,3,58],[34,30,12,29,57,14,17],[8,9,22,28,39,35,41],[38,56,52,36,49,37,61],[45,46,59,54,7,10,13]]},{"trucks":[[48,62,51,19,11],[31,47,18,32,55,42,27,2],[33,20,16,25,6,5,15,60,23],[63,50,44,53,21],[24,26,40,43,64,3,58],[34,30,12,29,57,14,17],[8,9,22,28,39,41,35],[38,61,37,49,36,52,56],[45,46,59,54,7,4,10,13]],"distance":904.5428042566554,"fuel":1290.085571241838},{"distance":904.5435789408305,"fuel":1289.3042259267977,"trucks":[[48,62,51,19,11],[31,47,18,32,55,42,27,2],[33,4,20,16,25,6,5,15,60,23],[63,50,44,53,21],[24,26,40,43,64,3,58],[34,30,12,29,57,14,17],[8,9,22,28,35,41,39],[38,61,37,49,36,52,56],[45,46,59,54,7,10,13]]},{"distance":904.8966614736132,"fuel":1288.5418647194974,"trucks":[[48,62,51,19,11],[31,47,18,32,55,42,27,2],[33,4,20,16,25,6,5,15,60,23],[63,50,44,53,21],[24,26,40,43,64,3,58],[34,30,12,29,57,14,17],[8,9,22,28,39,41,35],[38,61,37,49,36,52,56],[45,46,59,54,7,10,13]]},{"fuel":1288.0101801202554,"trucks":[[48,62,51,19,11],[31,47,18,32,55,42,27,2],[33,4,20,16,25,6,5,15,60,23],[63,50,44,53,21],[24,26,40,43,64,3,58],[34,30,12,29,57,14,17],[8,9,22,28,39,35,41],[38,61,37,49,36,52,56],[45,46,59,54,7,10,13]],"distance":905.3978586514077},{"trucks":[[48,62,51,13,11],[31,47,18,32,55,42,27,2],[33,4,20,16,25,6,5,15,60,23],[63,50,44,53,21],[24,26,40,43,64,3,58],[34,30,12,29,57,14,17],[8,9,22,28,39,41,35],[38,61,37,49,36,52,56],[45,46,59,54,7,10,19]],"fuel":1285.9223962049603,"distance":914.9804801723587},{"distance":915.4816773501532,"fuel":1285.3907116057185,"trucks":[[48,62,51,13,11],[31,47,18,32,55,42,27,2],[33,4,20,16,25,6,5,15,60,23],[63,50,44,53,21],[24,26,40,43,64,3,58],[34,30,12,29,57,14,17],[8,9,22,28,39,35,41],[38,61,37,49,36,52,56],[45,46,59,54,7,10,19]]}],"benchmark":"B-n64-k9"}