{"front":[{"distance":815.9460223551697,"trucks":[[22,48,37,61,21,38,16,58],[54,12,60,15,36],[17,64,24,57,42,43,44,2],[3,29,62,65,23,63],[47,9,20,55,14,28,53],[33,51,19,56,26,10,40],[7,34,50,25,45,4,52],[5,46,30,6,49,31],[35,8,59,39,11,32],[18,41,13,27]],"fuel":1172.3086619509152},{"trucks":[[22,48,37,61,21,38,16,58],[54,12,60,15,36],[17,64,24,57,42,43,44,2],[3,29,62,65,23,63],[47,53,28,14,55,20,9],[33,51,19,56,26,10,40],[7,34,50,25,45,4,52],[5,46,30,6,49,31],[35,8,59,39,11,32],[18,41,13,27]],"fuel":1171.1023060986058,"distance":817.6152750322807}],"benchmark":"P-n65-k10","Optimal":792}