{"Optimal":778,"benchmark":"A-n34-k5","front":[{"distance":805.9387731562059,"fuel":1137.8586962335557,"trucks":[[8,16,9,12,24,2,28],[21,34,17,23,4,13,10],[11,20,18,26,32,29,33],[15,30,7,14,22,3,19],[25,31,6,27,5]]},{"distance":805.9783288385923,"fuel":1137.1998974109415,"trucks":[[8,16,9,12,24,2,28],[21,34,17,23,4,13,10],[11,20,18,26,32,29,33],[15,30,7,14,22,3,19],[31,25,6,27,5]]},{"fuel":1136.9322680038654,"trucks":[[8,16,9,12,24,2,28],[21,34,17,23,10,13,4],[11,20,18,26,32,29,33],[15,30,7,14,22,3,19],[25,31,6,27,5]],"distance":809.3105013359781},{"distance":809.3500570183645,"trucks":[[8,16,9,12,24,2,28],[21,34,17,23,10,13,4],[11,20,18,26,32,29,33],[15,30,7,14,22,3,19],[31,25,6,27,5]],"fuel":1136.2734691812511},{"trucks":[[15,8,16,9,2,24,28],[12,20,18,26,32,29,33,11],[19,3,17,23,10,13,4,34],[6,31,25,30,7],[27,5,21,14,22]],"distance":811.2958037256751,"fuel":1133.4755519721136},{"fuel":1131.0948624382281,"trucks":[[15,8,7,16,9,2,28],[12,20,18,32,26,29,33,11],[19,3,17,23,10,13,4,34],[6,31,25,24,30],[27,5,21,14,22]],"distance":813.5747683591214},{"trucks":[[15,8,16,9,2,24,28],[11,14,29,32,26,18,20,12],[34,17,23,10,13,4,3,19],[6,31,25,30,7],[27,5,21,22,33]],"distance":816.9001266179226,"fuel":1129.9148585224686},{"trucks":[[8,16,9,2,24,28,15],[11,14,29,32,26,18,20,12],[19,3,17,23,4,13,10,34],[6,31,25,30,7],[27,5,21,22,33]],"fuel":1125.2837159581425,"distance":819.6101240212521},{"fuel":1118.911683820077,"trucks":[[15,8,16,9,2,24,28],[11,14,29,32,26,18,20,12],[19,3,17,23,4,13,10,34],[6,31,25,30,7],[27,5,21,22,33]],"distance":819.7702632747073},{"trucks":[[15,8,16,9,2,24,28],[11,14,29,26,32,18,20,12],[19,3,17,23,4,13,10,34],[6,31,25,30,7],[27,5,21,22,33]],"fuel":1118.2456503611975,"distance":819.9704964089154},{"trucks":[[15,8,16,9,2,24,28],[11,14,29,32,26,18,20,12],[19,3,17,23,10,13,4,34],[6,31,25,30,7],[27,5,21,22,33]],"distance":821.3654935808306,"fuel":1116.2247100197992},{"distance":821.5657267150387,"fuel":1115.5586765609194,"trucks":[[15,8,16,9,2,24,28],[11,14,29,26,32,18,20,12],[19,3,17,23,10,13,4,34],[6,31,25,30,7],[27,5,21,22,33]]},{"fuel":1115.2642614246874,"trucks":[[15,8,7,16,9,2,28],[11,14,29,32,26,18,20,12],[19,3,17,23,4,13,10,34],[6,31,25,24,30],[27,5,21,22,33]],"distance":821.8489947739456},{"trucks":[[15,8,7,16,9,2,28],[11,14,29,26,32,18,20,12],[19,3,17,23,4,13,10,34],[6,31,25,24,30],[27,5,21,22,33]],"distance":822.0492279081537,"fuel":1114.5982279658078},{"trucks":[[15,8,7,16,9,2,28],[11,14,29,32,26,18,20,12],[19,3,17,23,10,13,4,34],[6,31,25,24,30],[27,5,21,22,33]],"distance":823.4442250800689,"fuel":1112.5772876244096},{"trucks":[[15,8,7,16,9,2,28],[11,14,29,26,32,18,20,12],[19,3,17,23,10,13,4,34],[6,31,25,24,30],[27,5,21,22,33]],"distance":823.644458214277,"fuel":1111.9112541655297}]}