{"Optimal":827,"front":[{"distance":936.9275604436883,"trucks":[[24,57,42,43,44,2,23,65],[50,25,19,51,26,56,32,40],[7,34,64,17,4,45,33],[15,60,67,66,39,36],[54,12,11,59,10],[6,38,21,61,37,70,22,62],[69,3,63,29,48,49,30],[46,28,53,14,55,20,9,8],[41,13,18,52,31,16,58],[5,35,47,68,27]],"fuel":1349.413552558771},{"trucks":[[42,43,44,2,23,65,57,24],[52,17,64,34,63,29,62],[3,31,49,48,37,70,61,38],[50,25,19,51,26,56,32,40],[7,69,22,6,21,58,16,30],[11,39,66,67,12],[5,46,28,53,14,55,20],[47,9,36,54,15,60],[13,41,10,33,45,4],[27,68,35,8,59,18]],"distance":939.9034944230859,"fuel":1325.9414272359788},{"trucks":[[29,23,2,44,43,42,24,57],[52,17,64,34,63,65,62],[3,31,49,48,37,70,61,38],[50,25,19,51,26,56,32,40],[7,69,22,6,21,58,16,30],[11,39,66,67,12],[5,46,28,53,14,55,20],[47,9,36,54,15,60],[13,41,10,33,45,4],[68,35,8,59,18,27]],"distance":944.6558275712812,"fuel":1323.5980675563492},{"trucks":[[29,23,2,44,43,42,24,57],[52,17,64,34,63,65,62],[3,31,49,48,37,70,61,38],[50,25,19,51,26,56,32,40],[7,69,22,6,21,58,16,30],[11,39,66,67,12],[5,46,28,53,14,55,20],[47,9,36,54,15,60],[13,41,10,33,45,4],[27,68,35,8,59,18]],"fuel":1321.3561332759903,"distance":944.7435635107022}],"benchmark":"P-n70-k10"}