{"benchmark":"P-n70-k10","Optimal":827,"front":[{"distance":881.3132785310654,"fuel":1250.8248221195709,"trucks":[[34,2,44,43,42,57,24,64],[17,50,25,19,51,26,56,32],[49,48,37,70,61,21,38,6],[69,3,29,31,27,18],[41,40,10,33,45,4],[52,7,63,23,65,62,22],[47,35,53,28,14,55,20,36],[5,46,30,16,58,9,68],[8,54,12,60,15],[13,59,11,39,66,67]]},{"trucks":[[34,2,44,43,42,57,24,64],[17,50,25,19,51,26,56,32],[49,48,37,70,61,21,38,6],[69,3,29,31,18,13],[41,40,10,33,45,4],[52,7,63,23,65,62,22],[47,35,53,28,14,55,20,36],[5,46,30,16,58,9,68],[8,54,12,60,15],[27,59,11,39,66,67]],"distance":882.5992296974738,"fuel":1248.4510105021168},{"trucks":[[34,2,44,43,42,57,24,64],[17,50,25,19,51,26,56,32],[49,6,38,21,61,70,37,48],[69,3,29,31,18,13],[41,40,10,33,45,4],[52,7,63,23,65,62,22],[47,35,53,28,14,55,20,36],[5,46,30,16,58,9,68],[8,54,12,60,15],[27,59,11,39,66,67]],"distance":885.271566224675,"fuel":1247.5220530127697}]}