{"Optimal":568,"front":[{"trucks":[[46,30,6,38,21,16,14,55,20,36],[3,29,23,43,42,44,2,24,50,25],[54,15,12,39,11,32],[5,31,22,37,48,49,28,53],[4,45,33,51,19,26,10,40],[27,13,41,18,52,17,34,7],[35,47,9,8]],"distance":611.7475804158499,"fuel":851.3430081247942},{"distance":612.1905543786075,"fuel":851.0832159890566,"trucks":[[46,30,6,38,21,16,14,55,20,36],[3,29,23,43,42,44,2,24,50,25],[54,15,12,39,11,32],[5,53,28,49,48,37,22,31],[4,45,33,51,19,26,10,40],[27,13,41,18,52,17,34,7],[35,47,9,8]]},{"fuel":849.0023059830504,"trucks":[[46,30,6,38,21,16,14,55,20],[3,29,23,43,42,44,2,24,50,25],[54,15,12,39,11,32],[5,31,22,37,48,49,28,53],[4,45,33,51,19,26,10,40],[27,13,41,18,52,17,34,7],[35,47,9,36,8]],"distance":612.7780461588234},{"distance":613.221020121581,"trucks":[[46,30,6,38,21,16,14,55,20],[3,29,23,43,42,44,2,24,50,25],[54,15,12,39,11,32],[5,53,28,49,48,37,22,31],[4,45,33,51,19,26,10,40],[27,13,41,18,52,17,34,7],[35,47,9,36,8]],"fuel":848.7425138473128}],"benchmark":"P-n55-k7"}