{"front":[{"fuel":1749.8497123030347,"distance":1245.0127099270626,"trucks":[[63,29,24,34,2,13,14],[47,65,7,27,32,35,48],[18,52,40,8,64,12,55,49,58],[56,30,19,22,26,20,25,53,33],[57,45,60,11,9],[54,41,59,21,62,43,39],[61,51,17,3,42,46,6],[50,5,4,37,36,38,31],[44,28,15,10,23,16]]},{"fuel":1745.7737108450624,"distance":1246.0434691778191,"trucks":[[63,29,24,34,2,13,14],[47,65,7,27,32,35,48],[18,52,40,8,64,12,55,49,58],[56,30,19,22,26,20,25,53,33],[57,45,60,11,9],[54,41,59,21,62,43,39],[61,51,17,3,42,46,6],[50,31,38,36,37,4,5],[44,28,15,10,23,16]]},{"fuel":1745.253681415742,"distance":1247.3452327691664,"trucks":[[63,29,24,34,2,13,14],[47,65,7,27,32,35,48],[18,52,40,8,64,12,55,49,58],[56,30,19,22,26,20,25,53,33],[57,45,60,11,9],[54,41,59,21,62,43,39],[61,51,17,3,42,46,6],[50,31,38,36,37,4,5],[44,16,23,10,15,28]]},{"fuel":1743.255529110971,"distance":1249.5876627005055,"trucks":[[63,29,24,34,2,13,14],[47,65,7,27,32,35,48],[18,52,40,8,64,12,55,49,58],[56,30,19,22,26,20,25,53,33],[57,45,60,11,9],[54,41,59,21,62,43,39],[6,61,51,17,3,42,46],[50,31,38,36,37,4,5],[44,28,15,10,23,16]]},{"fuel":1742.7354996816507,"distance":1250.8894262918527,"trucks":[[63,29,24,34,2,13,14],[47,65,7,27,32,35,48],[18,52,40,8,64,12,55,49,58],[56,30,19,22,26,20,25,53,33],[57,45,60,11,9],[54,41,59,21,62,43,39],[6,61,51,17,3,42,46],[50,31,38,36,37,4,5],[44,16,23,10,15,28]]}],"benchmark":"A-n65-k9","Optimal":1174}