{"Optimal":829,"front":[{"trucks":[[25,36,3,10,38,4,19,22],[26,7,34,35,12,29],[33,13,24,11,41,8],[14,31,21,17,37,9],[6,16,32,23,30,15,18,2],[5,40,39,28,20,27]],"distance":839.2761661115617,"fuel":1201.132341768493},{"distance":840.0596770005326,"trucks":[[25,36,3,10,38,4,19,22],[26,7,12,34,35,29],[37,33,13,24,11,8],[14,31,21,41,17,9],[6,16,32,23,30,15,18,2],[5,40,39,28,20,27]],"fuel":1199.981198752928},{"fuel":1199.483121756685,"trucks":[[25,36,3,10,38,4,19,22],[26,7,34,35,12,29],[37,33,13,24,11,8],[14,31,21,41,17,9],[6,16,32,23,30,15,18,2],[5,40,39,28,20,27]],"distance":840.0684049700965},{"distance":840.2927900958808,"trucks":[[25,36,3,10,38,4,19,22],[26,7,34,35,12,29],[37,33,13,24,11,8],[14,31,17,21,41,9],[6,16,32,23,30,15,18,2],[5,40,39,28,20,27]],"fuel":1199.0478597344456},{"fuel":1198.8405731959663,"distance":841.1181519898392,"trucks":[[25,36,3,10,38,19,4,22],[26,7,34,35,12,29],[37,33,13,24,11,8],[14,31,21,41,17,9],[6,16,32,23,30,15,18,2],[5,40,39,28,20,27]]},{"fuel":1198.405311173727,"distance":841.3425371156235,"trucks":[[25,36,3,10,38,19,4,22],[26,7,34,35,12,29],[37,33,13,24,11,8],[14,31,17,21,41,9],[6,16,32,23,30,15,18,2],[5,40,39,28,20,27]]},{"trucks":[[25,36,3,10,38,19,4,22],[26,7,34,35,12,29],[37,33,13,24,11,8],[14,31,17,21,41,9],[6,16,32,23,30,15,18,2],[40,39,28,27,20,5]],"fuel":1198.200006401642,"distance":842.8338534116949},{"fuel":1198.1540680398584,"distance":843.1901445814415,"trucks":[[25,36,3,10,38,19,4,22],[26,7,34,35,12,29],[37,33,13,24,11,8],[14,31,17,21,41,9],[6,16,32,23,30,15,18,2],[40,39,28,20,27,5]]}],"benchmark":"B-n41-k6"}