{"benchmark":"B-n35-k5","front":[{"trucks":[[35,28,25,29,5,15,23],[13,11,17,24,2,10,8,21],[22,26,32,7,34,4,27,19],[16,31,6,12,20,3,33,14],[30,18,9]],"distance":961.7665427848821,"fuel":1355.8730465259487},{"trucks":[[35,28,25,29,5,15,23],[13,11,17,10,24,2,8,21],[22,26,32,7,34,4,27,19],[16,31,6,12,20,3,33,14],[30,18,9]],"fuel":1354.559472051455,"distance":961.9257663245602},{"trucks":[[35,28,25,5,29,15,23],[13,11,17,24,2,10,8,21],[22,26,32,7,34,4,27,19],[16,31,6,12,20,3,33,14],[30,18,9]],"distance":962.076172475177,"fuel":1352.904670300287},{"distance":962.2353960148552,"trucks":[[35,28,25,5,29,15,23],[13,11,17,10,24,2,8,21],[22,26,32,7,34,4,27,19],[16,31,6,12,20,3,33,14],[18,30,9]],"fuel":1351.5910958257937}],"Optimal":955}