{"front":[{"distance":1120.1882276075557,"fuel":1574.2197387166605,"trucks":[[33,45,4,25,50,24],[38,21,71,61,72,37,70,62],[75,22,48,6,16,58],[35,9,36,15,54],[3,63,23,43,42,44],[52,17,64,57,65],[41,10,40,13],[8,39,66,32,11],[18,51,19,56,26,73,59],[5,46,49,30,14],[47,20,55,28,53],[7,34,2,74,29],[12,67,60],[76,69,31,68,27]]},{"trucks":[[33,45,4,25,50,24],[38,21,71,61,72,37,70,62],[75,22,48,6,16,58],[35,9,36,15,54],[3,63,23,43,42,44],[52,17,64,57,65],[41,10,40,13],[8,39,66,32,11],[18,51,19,56,26,73,59],[5,46,49,30,14],[47,20,55,28,53],[7,34,74,2,29],[12,67,60],[76,69,31,68,27]],"distance":1120.2291019371414,"fuel":1574.207509202353},{"distance":1121.9255277191223,"fuel":1568.230180973663,"trucks":[[33,45,4,25,50,24],[38,21,71,61,72,37,70,62],[75,22,48,6,16,58],[35,9,36,15,54],[3,63,23,43,42,44],[52,17,64,57,65],[41,10,40,13],[8,39,66,32,11],[18,51,19,56,26,73,59],[5,46,49,30,14],[47,53,28,55,20],[7,34,2,74,29],[12,67,60],[76,69,31,68,27]]},{"distance":1121.966402048708,"fuel":1568.2179514593556,"trucks":[[33,45,4,25,50,24],[38,21,71,61,72,37,70,62],[75,22,48,6,16,58],[35,9,36,15,54],[3,63,23,43,42,44],[52,17,64,57,65],[41,10,40,13],[8,39,66,32,11],[18,51,19,56,26,73,59],[5,46,49,30,14],[47,53,28,55,20],[7,34,74,2,29],[12,67,60],[76,69,31,68,27]]},{"trucks":[[33,45,4,25,50,24],[38,21,71,61,72,37,70,62],[75,22,48,6,16,58],[35,9,36,15,54],[3,63,23,43,42,44],[52,17,64,57,65],[41,10,40,13],[8,39,66,11,32],[18,51,19,56,26,73,59],[5,46,49,30,14],[47,53,28,55,20],[7,34,2,74,29],[12,67,60],[76,69,31,68,27]],"distance":1123.878949118779,"fuel":1565.3802562250887},{"distance":1123.9198234483647,"trucks":[[33,45,4,25,50,24],[38,21,71,61,72,37,70,62],[75,22,48,6,16,58],[35,9,36,15,54],[3,63,23,43,42,44],[52,17,64,57,65],[41,10,40,13],[8,39,66,11,32],[18,51,19,56,26,73,59],[5,46,49,30,14],[47,53,28,55,20],[7,34,74,2,29],[12,67,60],[76,69,31,68,27]],"fuel":1565.3680267107814},{"distance":1126.0352296193196,"fuel":1565.0863312354982,"trucks":[[33,45,4,25,50,24],[38,21,71,61,72,37,70,62],[75,22,48,6,16,58],[35,9,36,15,54],[3,63,23,43,42,44],[52,17,64,57,65],[41,10,40,13],[8,39,66,11,32],[18,51,19,56,26,73,59],[5,46,49,30,14],[47,53,28,55,20],[7,34,2,74,29],[12,67,60],[27,68,76,31,69]]},{"fuel":1565.0741017211908,"trucks":[[33,45,4,25,50,24],[38,21,71,61,72,37,70,62],[75,22,48,6,16,58],[35,9,36,15,54],[3,63,23,43,42,44],[52,17,64,57,65],[41,10,40,13],[8,39,66,11,32],[18,51,19,56,26,73,59],[5,46,49,30,14],[47,53,28,55,20],[7,34,74,2,29],[12,67,60],[27,68,76,31,69]],"distance":1126.0761039489053},{"distance":1126.1433224973237,"trucks":[[33,45,4,25,50,24],[38,21,71,61,72,37,70,62],[75,22,48,6,16,58],[35,9,36,15,54],[3,63,23,43,42,44],[52,17,64,57,65],[41,10,40,13],[8,39,66,11,32],[18,51,19,56,26,73,59],[5,46,49,30,14],[47,53,28,55,20],[7,34,2,74,29],[12,67,60],[27,68,76,69,31]],"fuel":1564.0092252908298},{"trucks":[[33,45,4,25,50,24],[38,21,71,61,72,37,70,62],[75,22,48,6,16,58],[35,9,36,15,54],[3,63,23,43,42,44],[52,17,64,57,65],[41,10,40,13],[8,39,66,11,32],[18,51,19,56,26,73,59],[5,46,49,30,14],[47,53,28,55,20],[7,34,74,2,29],[12,67,60],[27,68,76,69,31]],"fuel":1563.9969957765225,"distance":1126.1841968269093}],"Optimal":1021,"benchmark":"E-n76-k14"}