{"benchmark":"E-n76-k14","Optimal":1021,"front":[{"trucks":[[49,48,37,72,61,71,21],[4,45,33,51,19,56],[52,17,64,24,57,42,43],[74,2,44,65,23,63],[15,20,55,14,58,16],[5,46,30,6,38],[36,54,12,66,59],[41,10,40,13],[69,29,62,70,22,75],[73,11,32,26,25,50],[35,47,9,53,28],[39,67,60,8],[7,34,3,31],[76,68,27,18]],"fuel":1532.9201600049466,"distance":1079.6737363137959},{"trucks":[[49,48,37,72,61,71,21],[4,45,33,51,19,56],[52,17,64,24,57,42,43],[74,2,44,65,23,63],[15,20,55,14,58,16],[5,46,30,6,38],[36,54,12,66,59],[41,10,40,13],[69,75,29,62,70,22],[73,11,32,26,25,50],[35,47,9,53,28],[39,67,60,8],[7,34,3,31],[76,68,27,18]],"distance":1081.1995608671764,"fuel":1531.5626346090196},{"trucks":[[49,48,37,72,61,71,21],[4,45,33,51,19,56],[52,17,64,24,57,42,43],[74,2,44,65,23,63],[15,20,55,14,58,16],[5,46,30,6,38],[36,54,12,66,59],[41,10,40,13],[69,75,22,70,62,29],[73,11,32,26,25,50],[35,47,9,53,28],[8,39,67,60],[7,34,3,31],[76,68,27,18]],"distance":1083.437938347949,"fuel":1529.9971202432694},{"trucks":[[49,48,37,72,61,71,21],[4,45,33,51,19,56],[52,17,64,24,57,42,43],[74,2,44,65,23,63],[15,20,55,14,58,16],[5,46,30,6,38],[36,54,12,66,59],[41,10,40,13],[69,75,29,62,70,22],[73,11,32,26,25,50],[35,47,9,53,28],[8,39,67,60],[7,34,3,31],[76,68,27,18]],"distance":1084.5581916207332,"fuel":1528.2736715757749}]}