{"benchmark":"E-n76-k14","Optimal":1021,"front":[{"trucks":[[22,62,70,72,61,37,48],[53,28,14,55,20,36,66],[74,2,44,43,42,57,24],[9,15,60,54],[75,29,23,65,63],[69,6,38,71,21,16,58],[51,19,56,26,32,40,73],[12,67,39],[27,59,11,10],[52,4,45,25,17,64],[5,49,30,46,8],[31,3,34,50,7],[13,41,33,18],[68,47,35,76]],"fuel":1618.0832438108262,"distance":1131.423941154457},{"distance":1131.9734016077775,"fuel":1614.6878281071754,"trucks":[[22,62,70,72,61,37,48],[53,28,14,55,20,36,66],[74,2,44,43,42,57,24],[9,15,60,54],[75,29,23,65,63],[69,6,38,71,21,16,58],[51,19,56,26,32,40,73],[12,67,39],[27,59,11,10],[52,4,45,25,17,64],[5,49,30,46,8],[31,3,34,50,7],[18,41,33,13],[68,47,35,76]]},{"trucks":[[22,48,37,61,72,70,62],[53,28,14,55,20,36,66],[74,2,44,43,42,57,24],[9,15,60,54],[75,29,23,65,63],[69,6,38,71,21,16,58],[51,19,56,26,32,40,73],[12,67,39],[27,59,11,10],[52,4,45,25,17,64],[5,49,30,46,8],[31,3,34,50,7],[13,41,33,18],[68,47,35,76]],"fuel":1612.3063833393865,"distance":1134.4270121636341},{"distance":1134.4748124684863,"fuel":1612.2578486866125,"trucks":[[22,62,70,72,61,37,48],[53,28,14,55,20,36,66],[74,2,44,43,42,57,24],[9,15,60,54],[75,29,23,65,63],[69,6,38,71,21,16,58],[51,19,26,56,32,40,73],[12,67,39],[27,59,11,10],[52,4,45,25,17,64],[5,46,30,49,8],[31,3,34,50,7],[18,41,33,13],[68,47,35,76]]},{"trucks":[[22,48,37,61,72,70,62],[53,28,14,55,20,36,66],[74,2,44,43,42,57,24],[9,15,60,54],[75,29,23,65,63],[69,6,38,71,21,16,58],[51,19,26,56,32,40,73],[12,67,39],[27,59,11,10],[52,4,45,25,17,64],[5,46,30,49,8],[31,3,34,50,7],[13,41,33,18],[68,47,35,76]],"distance":1136.9284230243427,"fuel":1609.8764039188236},{"fuel":1609.8616114987876,"distance":1137.665529230887,"trucks":[[22,48,37,61,72,70,62],[53,28,14,55,20,36,66],[74,2,44,43,42,57,24],[9,15,60,54],[75,29,65,23,63],[69,6,38,71,21,16,58],[51,19,26,56,32,40,73],[12,67,39],[27,59,11,10],[52,4,45,25,17,64],[5,46,30,49,8],[31,3,34,50,7],[18,41,33,13],[68,47,35,76]]},{"fuel":1608.2445688732787,"trucks":[[22,48,37,61,72,70,62],[53,28,14,55,20,36,66],[74,2,44,43,42,57,24],[9,15,60,54],[75,29,63,23,65],[69,6,38,71,21,16,58],[51,19,26,56,32,40,73],[12,67,39],[27,59,11,10],[52,4,45,25,17,64],[5,49,30,46,8],[31,3,34,50,7],[18,41,33,13],[68,47,35,76]],"distance":1140.0720451514221},{"fuel":1606.3193926740353,"distance":1141.214895202886,"trucks":[[22,48,37,61,72,70,62],[53,28,14,55,20,36,66],[74,2,44,43,42,57,24],[9,15,60,54],[75,29,63,23,65],[69,6,38,71,21,16,58],[51,19,56,26,32,40,73],[12,67,39],[27,59,11,10],[52,4,45,25,17,64],[5,46,30,49,8],[31,3,34,50,7],[18,41,33,13],[68,47,35,76]]},{"trucks":[[22,48,37,61,72,70,62],[53,28,14,55,20,36,66],[74,2,44,43,42,57,24],[9,15,60,54],[75,29,63,23,65],[69,6,38,71,21,16,58],[51,19,26,56,32,40,73],[12,67,39],[27,59,11,10],[52,4,45,25,17,64],[5,46,30,49,8],[31,3,34,50,7],[18,41,33,13],[68,47,35,76]],"fuel":1606.0669910633756,"distance":1141.8941756075085},{"distance":1145.1568665702277,"fuel":1605.905710611722,"trucks":[[22,48,37,61,72,70,62],[53,28,14,55,20,36,66],[74,2,44,43,42,57,24],[9,15,60,54],[75,29,63,23,65],[69,6,38,71,21,16,58],[51,19,56,26,32,40,73],[12,67,39],[27,59,11,10],[52,4,45,25,17,64],[5,46,49,30,8],[31,3,7,34,50],[18,41,33,13],[68,47,35,76]]},{"distance":1145.395152617847,"fuel":1605.0613134573478,"trucks":[[22,48,37,61,72,70,62],[53,28,14,55,20,36,66],[74,2,44,43,42,57,24],[9,15,60,54],[75,29,63,23,65],[69,6,38,71,21,16,58],[51,19,56,26,32,40,73],[12,67,39],[27,59,11,10],[52,4,45,25,17,64],[5,46,30,49,8],[31,3,7,34,50],[18,41,33,13],[68,47,35,76]]},{"fuel":1604.808911846688,"trucks":[[22,48,37,61,72,70,62],[53,28,14,55,20,36,66],[74,2,44,43,42,57,24],[9,15,60,54],[75,29,63,23,65],[69,6,38,71,21,16,58],[51,19,26,56,32,40,73],[12,67,39],[27,59,11,10],[52,4,45,25,17,64],[5,46,30,49,8],[31,3,7,34,50],[18,41,33,13],[68,47,35,76]],"distance":1146.0744330224695}]}