{"Optimal":1021,"front":[{"distance":1081.963683341135,"trucks":[[38,21,71,61,72,37,70,62],[33,51,19,45,4],[74,2,44,43,42,57,24],[30,6,16,58,14,55,20],[41,10,40,73,13],[27,39,66,11,59],[31,49,48,22,75],[63,29,23,65,64],[12,67,60],[53,9,36,15,54],[46,28,35,47,8],[69,52,50,25,26,56,32],[76,5,68,18],[7,17,34,3]],"fuel":1548.4145404135606},{"fuel":1542.1916187968702,"trucks":[[38,21,71,61,72,37,70,62],[33,51,19,45,4],[74,2,44,43,42,57,24],[30,6,16,58,14,55,20],[41,10,40,73,13],[27,59,11,66,39],[31,49,48,22,75],[63,29,23,65,64],[12,67,60],[53,9,36,15,54],[46,28,35,47,8],[69,52,50,25,26,56,32],[76,5,68,18],[7,17,34,3]],"distance":1082.0445632066048},{"fuel":1541.1240329759037,"trucks":[[38,21,71,61,72,37,70,62],[33,51,19,45,4],[74,2,44,43,42,57,24],[30,6,16,58,14,55,20],[41,10,40,73,13],[27,59,11,39,66],[31,49,48,22,75],[63,29,23,65,64],[12,67,60],[53,9,36,15,54],[46,28,35,47,8],[69,52,50,25,26,56,32],[76,5,68,18],[7,17,34,3]],"distance":1082.9711861583469},{"fuel":1538.914555084998,"trucks":[[38,21,71,61,72,37,70,62],[33,51,19,45,4],[74,2,44,43,42,57,24],[30,6,16,58,14,55,20],[41,10,40,73,13],[27,59,11,39,66],[31,49,48,22,75],[63,29,23,65,64],[12,67,60],[53,9,36,15,54],[46,28,35,47,8],[69,52,50,25,26,56,32],[76,5,68,18],[7,3,34,17]],"distance":1084.2059329034546},{"fuel":1538.7180123422531,"distance":1086.5734927282049,"trucks":[[38,21,71,61,72,37,70,62],[45,33,51,19,4],[74,2,44,43,42,57,24],[30,6,16,58,14,55,20],[41,10,40,73,13],[27,59,11,39,66],[31,49,48,22,75],[63,29,23,65,64],[12,67,60],[53,9,36,15,54],[46,28,35,47,8],[69,52,50,25,26,56,32],[76,5,68,18],[7,3,34,17]]},{"fuel":1538.4460117347785,"trucks":[[38,21,71,61,72,37,70,62],[4,45,33,51,19],[74,2,44,43,42,57,24],[30,6,16,58,14,55,20],[41,10,40,73,13],[27,59,11,66,39],[31,49,48,22,75],[63,29,23,65,64],[12,67,60],[53,9,36,15,54],[46,28,35,47,8],[69,52,50,25,26,56,32],[76,5,68,18],[7,3,34,17]],"distance":1086.6380481372994},{"fuel":1537.378425913812,"distance":1087.5646710890417,"trucks":[[38,21,71,61,72,37,70,62],[4,45,33,51,19],[74,2,44,43,42,57,24],[30,6,16,58,14,55,20],[41,10,40,73,13],[27,59,11,39,66],[31,49,48,22,75],[63,29,23,65,64],[12,67,60],[53,9,36,15,54],[46,28,35,47,8],[69,52,50,25,26,56,32],[76,5,68,18],[7,3,34,17]]}],"benchmark":"E-n76-k14"}