{"benchmark":"E-n76-k14","front":[{"fuel":1588.7782140022694,"distance":1123.678384510558,"trucks":[[52,17,64,24,57,42,43],[49,48,37,72,61,71,21],[5,30,38,6,31],[50,25,19,51,56,26,73,66],[29,62,70,22,75,16],[74,2,44,65,23,63],[76,3,34,7],[41,33,45,4,69],[59,11,32,39],[15,60,67],[68,35,53,14,28],[27,13,40,10,18],[9,36,54,12,8],[47,20,55,58,46]]},{"fuel":1585.561973375449,"distance":1125.617442568169,"trucks":[[52,17,64,24,57,42,43],[49,48,37,72,61,71,21],[5,31,6,38,30],[50,25,19,51,56,26,73,66],[29,62,70,22,75,16],[74,2,44,65,23,63],[76,3,34,7],[41,33,45,4,69],[59,11,32,39],[15,60,67],[68,35,53,14,28],[27,13,40,10,18],[9,36,54,12,8],[47,20,55,58,46]]},{"fuel":1584.7064238813778,"distance":1126.8691910845814,"trucks":[[52,17,64,24,57,42,43],[49,48,37,72,61,71,21],[5,31,6,38,30],[50,25,19,51,56,26,73,66],[29,62,70,22,75,16],[74,2,44,65,23,63],[76,7,34,3],[41,33,45,4,69],[59,11,32,39],[15,60,67],[68,35,53,14,28],[27,13,40,10,18],[9,36,54,12,8],[47,20,55,58,46]]},{"fuel":1583.8728316056383,"distance":1128.1093021533973,"trucks":[[52,17,64,24,57,42,43],[49,48,37,72,61,71,21],[5,46,30,6,38],[50,25,19,51,56,26,73,66],[29,62,70,22,75,16],[74,2,44,65,23,63],[76,3,34,7],[41,33,45,4,69],[59,11,32,39],[15,60,67],[68,35,53,14,28],[27,13,40,10,18],[9,36,54,12,8],[47,20,55,58,31]]},{"fuel":1583.017282111567,"distance":1129.3610506698096,"trucks":[[52,17,64,24,57,42,43],[49,48,37,72,61,71,21],[5,46,30,6,38],[50,25,19,51,56,26,73,66],[29,62,70,22,75,16],[74,2,44,65,23,63],[76,7,34,3],[41,33,45,4,69],[59,11,32,39],[15,60,67],[68,35,53,14,28],[27,13,40,10,18],[9,36,54,12,8],[47,20,55,58,31]]},{"fuel":1582.1157498833763,"distance":1130.0641524865348,"trucks":[[52,17,64,24,57,42,43],[49,48,37,72,61,71,21],[5,46,30,6,38],[50,25,19,51,56,26,73,66],[29,62,70,22,75,16],[74,2,44,65,23,63],[7,34,3,31],[41,33,45,4,69],[59,39,11,32],[15,60,67],[35,53,28,58,76],[27,13,40,10,18],[9,36,54,12,8],[68,47,20,55,14]]},{"fuel":1581.4013901059218,"distance":1130.3402437795103,"trucks":[[52,17,64,24,57,42,43],[49,48,37,72,61,71,21],[5,46,30,38,6],[50,25,19,51,56,26,73,66],[29,62,70,22,75,16],[74,2,44,65,23,63],[7,34,3,31],[41,33,45,4,69],[59,11,32,39],[15,60,67],[68,35,53,14,28],[27,13,40,10,18],[9,36,54,12,8],[76,47,20,55,58]]},{"fuel":1578.6161266683368,"distance":1130.4625983904386,"trucks":[[52,17,64,24,57,42,43],[49,48,37,72,61,71,21],[5,46,30,6,38],[50,25,19,51,56,26,73,66],[29,62,70,22,75,16],[74,2,44,65,23,63],[7,34,3,31],[41,33,45,4,69],[59,11,32,39],[15,60,67],[68,35,53,14,28],[27,13,40,10,18],[9,36,54,12,8],[76,47,20,55,58]]},{"fuel":1578.5577597554707,"distance":1131.1673729416627,"trucks":[[52,17,64,24,57,42,43],[49,48,37,72,61,71,21],[5,46,30,6,38],[50,25,19,51,56,26,73,66],[29,62,70,22,75,16],[74,2,44,65,23,63],[7,34,3,31],[41,33,45,4,69],[59,39,11,32],[15,60,67],[76,35,53,58,28],[27,13,40,10,18],[9,36,54,12,8],[68,47,20,55,14]]},{"fuel":1578.0217886461537,"distance":1131.6342859560555,"trucks":[[52,17,64,24,57,42,43],[49,48,37,72,61,71,21],[5,46,30,38,6],[50,25,19,51,56,26,73,66],[29,62,70,22,75,16],[74,2,44,65,23,63],[7,34,3,31],[41,33,45,4,69],[59,39,11,32],[15,60,67],[76,35,53,28,58],[27,13,40,10,18],[9,36,54,12,8],[68,47,20,55,14]]},{"fuel":1575.2365252085688,"distance":1131.7566405669836,"trucks":[[52,17,64,24,57,42,43],[49,48,37,72,61,71,21],[5,46,30,6,38],[50,25,19,51,56,26,73,66],[29,62,70,22,75,16],[74,2,44,65,23,63],[7,34,3,31],[41,33,45,4,69],[59,39,11,32],[15,60,67],[76,35,53,28,58],[27,13,40,10,18],[9,36,54,12,8],[68,47,20,55,14]]}],"Optimal":1021}