{"Optimal":1763,"front":[{"fuel":2710.2236610848067,"trucks":[[54,67,68,71,77,73,51,46,59],[2,13,45,6,30,75,14],[69,44,17,62,58,27,36,66,70,57,48,20],[78,65,47,26,42,16,34,56,10,55],[43,52,4,61,40],[60,76,21,79,9,38,3,25],[12,35,80,19,49,29,53],[63,24,7,31,28,32,18],[41,22,8,11,15,72,64],[50,74,37,39,33,5,23]],"distance":1909.0866148139226},{"distance":1911.1773974493867,"fuel":2709.240922368006,"trucks":[[54,67,68,71,77,73,51,46,59],[2,13,45,6,30,75,14],[69,44,17,62,58,27,36,66,70,57,48,20],[78,65,47,26,42,16,34,56,10,55],[43,52,4,61,40],[60,76,21,79,9,38,3,25],[12,35,80,49,19,29,53],[63,24,7,31,28,32,18],[41,22,8,11,15,72,64],[50,74,37,39,23,5,33]]},{"fuel":2707.427768882043,"trucks":[[54,67,68,71,77,73,51,46,59],[2,13,45,6,30,75,14],[69,44,17,62,58,27,36,66,70,57,48,20],[78,65,47,26,42,16,34,56,10,55],[43,52,4,61,40],[60,76,21,79,9,38,3,25],[12,35,80,19,49,29,53],[63,24,7,31,28,32,18],[41,22,8,11,15,72,64],[50,74,37,39,33,23,5]],"distance":1912.2601077434706},{"trucks":[[54,67,68,71,77,73,51,46,59],[2,13,45,6,30,75,14],[69,44,17,62,58,27,36,66,70,57,48,20],[78,65,47,26,42,16,34,56,10,55],[43,52,4,61,40],[60,76,21,79,9,38,3,25],[53,29,80,49,19,35,12],[63,24,7,31,28,32,18],[41,22,8,11,15,72,64],[50,74,37,39,33,23,5]],"fuel":2705.701164432406,"distance":1915.3434966318446},{"distance":1916.4489438755556,"fuel":2703.4894080560825,"trucks":[[54,67,68,71,77,73,51,23,5],[2,13,45,6,30,75,14],[69,44,17,62,58,27,36,66,70,57,48,20],[78,65,47,26,42,16,34,56,10,55],[43,52,4,61,40],[60,21,76,79,9,38,3,25],[53,29,80,49,19,35,12],[63,24,7,31,28,32,18],[41,22,8,11,15,72,64],[50,74,37,39,59,46,33]]},{"distance":1918.2921031700246,"fuel":2681.3260279901856,"trucks":[[54,68,67,71,77,73,51,23,5],[2,13,45,6,30,75,14],[25,3,38,9,79,69,44,17,62,76],[78,65,47,26,42,16,34,56,10,55],[43,52,4,40,61],[60,21,58,27,36,66,70,57,48,20],[12,35,53,29,80,19,49],[63,24,7,31,28,32,18],[41,22,8,64,72,15,11],[50,74,37,39,59,33,46]]},{"trucks":[[54,67,68,71,77,73,51,23,5],[14,75,30,6,45,13,63],[25,3,38,9,79,69,44,17,62,76],[78,65,47,26,42,16,34,56,10,55],[43,52,4,40,61],[60,21,58,27,36,66,70,57,48,20],[12,35,53,29,80,19,49],[2,24,7,31,28,32,18],[41,22,8,11,15,72,64],[50,74,37,39,59,33,46]],"fuel":2679.219924028942,"distance":1921.9911010993749},{"trucks":[[54,67,68,71,77,73,51,23,5],[14,75,30,6,45,13,63],[25,3,38,9,79,69,44,17,62,76],[78,65,47,26,42,16,34,56,10,55],[43,52,4,61,40],[60,21,58,27,36,66,70,57,48,20],[12,35,53,29,80,19,49],[2,24,7,31,28,32,18],[41,22,8,64,72,15,11],[50,74,37,39,59,33,46]],"fuel":2676.913460522132,"distance":1922.2618393396872},{"trucks":[[54,67,68,71,77,73,51,23,5],[14,75,30,6,45,13,63],[25,3,38,9,79,69,44,17,62,76],[78,65,47,26,42,16,34,56,10,55],[43,52,4,40,61],[60,21,58,27,36,66,70,57,48,20],[12,35,53,29,80,19,49],[2,24,7,31,28,32,18],[41,22,8,64,72,15,11],[50,74,37,39,59,33,46]],"distance":1922.5177436930492,"fuel":2676.8767441089},{"distance":1930.272630589471,"fuel":2675.5781846808613,"trucks":[[54,68,67,71,77,73,51,23,5],[14,75,30,6,45,13,63],[25,3,38,9,79,69,44,17,62,76],[78,65,47,26,42,16,34,56,10,55],[43,52,4,40,61],[60,21,58,20,48,57,70,66,36,27],[12,35,53,29,80,19,49],[2,24,7,31,28,32,18],[41,22,8,64,72,15,11],[50,74,37,39,59,33,46]]}],"benchmark":"A-n80-k10"}