{"front":[{"fuel":1365.7951319099775,"distance":963.9540924604017,"trucks":[[27,11,12,17,21,19,36,2],[28,6,22,33,43,38,34,25],[31,24,41,30,44,14],[5,18,40,13,4,26,7],[32,9,8,29,16,20,35],[3,42,15,39,10,37,23]]},{"fuel":1364.9431454027276,"distance":966.0310625006622,"trucks":[[27,11,12,17,21,19,36,2],[28,6,22,33,43,38,34,25],[31,24,41,30,44,14],[5,18,40,13,4,26,7],[32,9,8,29,16,20,35],[3,23,37,10,39,15,42]]},{"fuel":1357.527478109769,"distance":967.8904601130695,"trucks":[[27,11,12,17,21,19,36,2],[28,25,34,38,43,33,22,6],[31,24,41,30,44,14],[5,18,40,13,4,26,7],[32,9,8,29,16,20,35],[3,42,15,39,10,37,23]]},{"fuel":1356.675491602519,"distance":969.9674301533299,"trucks":[[27,11,12,17,21,19,36,2],[28,25,34,38,43,33,22,6],[31,24,41,30,44,14],[5,18,40,13,4,26,7],[32,9,8,29,16,20,35],[3,23,37,10,39,15,42]]}],"Optimal":937,"benchmark":"A-n44-k6"}