{"benchmark":"A-n63-k10","Optimal":1314,"front":[{"distance":1422.2274584584384,"trucks":[[9,36,28,7,13],[8,24,47,55],[54,15,3,10,42,2,40,46,50],[21,27,14,29,58,45],[49,31,5,39,44,37],[25,22,62,61,38,17],[32,52,59,23,48,12,35,33],[53,60,11,20,43,4,6],[51,63,57,30,41,26,16,19],[18,56,34]],"fuel":1975.2361775079708},{"distance":1424.7364891881869,"trucks":[[9,36,28,7,13],[8,24,47,55],[54,15,3,10,42,2,40,46,50],[21,27,14,29,58,45],[49,37,31,5,39,44],[25,22,62,61,38,17],[32,52,59,23,48,12,35,33],[53,60,11,20,43,4,6],[51,63,57,30,41,26,16,19],[18,56,34]],"fuel":1969.0007079178863}]}