{"Optimal":805,"front":[{"fuel":1138.5834767037345,"distance":832.3754760846564,"trucks":[[8,28,13,30,25,35,9,18,37],[15,16,2,11,21],[23,12,33,4,29,22],[6,5,34,19,24,31],[27,17,38,3,36,14],[32,10,20,7,26]]},{"fuel":1133.7310421717198,"distance":832.5443284463711,"trucks":[[8,28,13,30,25,35,9,18,37],[15,16,2,11,21],[23,12,33,4,29,22],[6,24,19,34,5,31],[27,17,38,3,36,14],[32,10,20,7,26]]},{"fuel":1129.8765780659342,"distance":833.2303534738606,"trucks":[[8,28,13,30,25,35,9,18,37],[15,16,2,11,21],[23,12,33,4,29,22],[6,24,19,34,5,31],[27,17,14,36,3,38],[32,10,20,7,26]]}],"benchmark":"B-n38-k6"}