{"benchmark":"A-n46-k7","Optimal":914,"front":[{"distance":1002.5592069845337,"trucks":[[13,36,19,26,45,37],[33,4,8,11,38,3],[6,23,40,43,25,17],[10,18,22,30,32,35,41],[44,27,14,31,5,39],[20,12,9,34,16,2,28,21,42,29],[24,15,7,46]],"fuel":1386.428854319542},{"distance":1002.8937476392825,"trucks":[[13,36,19,26,45,37],[33,4,8,11,38,3],[6,23,40,43,17,25],[10,18,22,30,32,35,41],[44,27,14,31,5,39],[20,12,9,34,16,2,28,21,42,29],[24,15,7,46]],"fuel":1386.35158576159},{"distance":1002.9793341961838,"trucks":[[13,36,19,26,45,6],[33,4,8,11,38,3],[37,23,40,43,25,17],[10,18,22,30,32,35,41],[44,27,14,31,5,39],[20,12,9,34,16,2,28,21,42,29],[24,15,7,46]],"fuel":1385.6336903830386},{"distance":1003.3138748509326,"trucks":[[13,36,19,26,45,6],[33,4,8,11,38,3],[37,23,40,43,17,25],[10,18,22,30,32,35,41],[44,27,14,31,5,39],[20,12,9,34,16,2,28,21,42,29],[24,15,7,46]],"fuel":1385.5564218250863},{"distance":1003.6137806832105,"trucks":[[37,13,36,19,26,45],[33,4,8,11,38,3],[6,23,40,43,25,17],[10,18,22,30,32,35,41],[44,27,14,31,5,39],[20,12,9,34,16,2,28,21,42,29],[24,15,7,46]],"fuel":1384.0231389994472},{"distance":1003.9483213379593,"trucks":[[37,13,36,19,26,45],[33,4,8,11,38,3],[6,23,40,43,17,25],[10,18,22,30,32,35,41],[44,27,14,31,5,39],[20,12,9,34,16,2,28,21,42,29],[24,15,7,46]],"fuel":1383.945870441495}]}