{"front":[{"trucks":[[13,36,19,26,45],[9,12,34,43,17,25,2,20],[6,33,4,23,11,8,40,37],[16,28,41,35,32,30,42,21],[39,5,31,3,38],[24,15,44,27,14,7,46],[10,18,22,29]],"fuel":1353.1002641233247,"distance":974.0304235017776},{"trucks":[[13,36,19,26,45],[9,12,34,43,17,25,2,20],[6,33,4,23,8,11,40,37],[16,28,41,35,32,30,42,21],[39,5,31,3,38],[24,15,44,27,14,7,46],[10,18,22,29]],"fuel":1349.3815292420602,"distance":974.1946536583424},{"trucks":[[13,36,19,26,45],[9,12,34,43,17,25,2,20],[37,6,33,4,23,8,11,40],[16,28,41,35,32,30,42,21],[39,5,31,3,38],[24,15,44,27,14,7,46],[10,18,22,29]],"fuel":1349.3691691286324,"distance":975.3508481013663},{"trucks":[[13,36,19,26,45],[12,9,34,43,17,25,2,20],[6,33,4,23,40,8,11,37],[16,28,41,35,32,30,42,21],[39,5,31,3,38],[24,15,44,27,14,7,46],[10,18,22,29]],"fuel":1344.7687547676765,"distance":976.1323601222509}],"benchmark":"A-n46-k7","Optimal":914}