{"front":[{"fuel":1402.0969075400506,"trucks":[[12,9,34,43,17,25,2,20],[13,36,19,26,45],[46,7,44,27,14,31,39,15],[16,28,41,35,32,30,42,21],[6,33,4,23,11,8,40,37],[24,5,3,38],[10,18,22,29]],"distance":999.4538067957974},{"fuel":1398.3781726587863,"trucks":[[12,9,34,43,17,25,2,20],[13,36,19,26,45],[46,7,44,27,14,31,39,15],[16,28,41,35,32,30,42,21],[6,33,4,23,8,11,40,37],[24,5,3,38],[10,18,22,29]],"distance":999.6180369523623},{"fuel":1398.3658125453585,"trucks":[[12,9,34,43,17,25,2,20],[13,36,19,26,45],[46,7,44,27,14,31,39,15],[16,28,41,35,32,30,42,21],[37,6,33,4,23,8,11,40],[24,5,3,38],[10,18,22,29]],"distance":1000.7742313953862},{"fuel":1393.812845338271,"trucks":[[12,9,34,43,17,25,2,20],[13,36,19,26,45],[39,31,14,27,44,15,7,46],[16,28,41,35,32,30,42,21],[37,6,33,4,23,40,8,11],[24,5,3,38],[10,18,22,29]],"distance":1001.249015584471},{"fuel":1390.118612762011,"trucks":[[12,9,34,43,17,25,2,20],[13,36,19,26,45],[15,44,27,14,31,39,7,46],[16,28,41,35,32,30,42,21],[6,33,4,23,11,8,40,37],[24,5,3,38],[10,18,22,29]],"distance":1005.7714846721634},{"fuel":1390.1111795532802,"trucks":[[12,9,34,43,17,25,2,20],[13,36,19,26,45],[15,44,27,14,31,39,7,46],[16,28,41,35,32,30,42,21],[37,6,33,4,23,11,8,40],[24,5,3,38],[10,18,22,29]],"distance":1006.9276791151873},{"fuel":1389.4792444188056,"trucks":[[12,9,34,43,17,25,2,20],[13,36,19,26,45],[15,7,44,27,14,31,39,46],[16,28,41,35,32,30,42,21],[6,33,4,23,11,8,40,37],[24,5,3,38],[10,18,22,29]],"distance":1008.2477474940315},{"fuel":1389.4718112100747,"trucks":[[12,9,34,43,17,25,2,20],[13,36,19,26,45],[15,7,44,27,14,31,39,46],[16,28,41,35,32,30,42,21],[37,6,33,4,23,11,8,40],[24,5,3,38],[10,18,22,29]],"distance":1009.4039419370554},{"fuel":1387.380397758903,"trucks":[[12,9,34,43,17,25,2,20],[37,13,36,19,26,45],[15,7,44,27,14,31,39,46],[16,28,41,35,32,30,42,21],[33,4,23,40,8,11,6],[24,5,3,38],[10,18,22,29]],"distance":1014.0412871164735}],"Optimal":914,"benchmark":"A-n46-k7"}