{"Optimal":1616,"benchmark":"A-n63-k9","front":[{"fuel":2436.9181711671636,"distance":1696.1096793576207,"trucks":[[29,63,48,5,19,2,47,32,44],[3,31,6,46,28,60,35],[54,23,18,36,52,51,22],[13,11,53,40,24,39,17],[61,49,37,25,9,50],[16,7,38,58,15,41,59,33,56],[27,21,55,30,26],[8,62,43,10,42,4,14,20],[12,34,45,57]]},{"fuel":2435.691377414736,"distance":1698.6548789361823,"trucks":[[29,63,48,5,19,2,47,32,44],[3,31,6,46,28,60,35],[54,23,18,36,52,51,22],[13,11,53,40,24,39,17],[61,49,37,25,9,50],[16,7,38,58,15,41,59,33,56],[27,21,55,30,26],[8,62,4,42,10,43,14,20],[12,34,45,57]]},{"fuel":2435.6017056402748,"distance":1699.045599341486,"trucks":[[29,63,48,5,19,2,47,32,44],[3,31,6,46,28,60,35],[54,23,18,36,52,51,22],[13,11,53,40,24,39,17],[61,49,37,25,9,50],[16,7,38,58,15,41,59,33,56],[27,21,26,30,55],[8,62,43,10,42,4,14,20],[12,34,45,57]]},{"fuel":2434.6624938494747,"distance":1701.4100558182288,"trucks":[[29,63,48,5,19,2,47,32,44],[3,31,6,46,28,60,35],[54,23,18,36,52,51,22],[13,11,53,40,24,39,17],[61,49,37,25,9,50],[16,7,38,58,15,41,59,33,56],[27,26,21,30,55],[8,62,4,42,10,43,14,20],[12,34,45,57]]},{"fuel":2434.3749118878472,"distance":1701.5907989200475,"trucks":[[29,63,48,5,19,2,47,32,44],[3,31,6,46,28,60,35],[54,23,18,36,52,51,22],[13,11,53,40,24,39,17],[61,49,37,25,9,50],[16,7,38,58,15,41,59,33,56],[27,21,26,30,55],[8,62,4,42,10,43,14,20],[12,34,45,57]]},{"fuel":2433.20568713781,"distance":1701.6865722671675,"trucks":[[29,63,48,5,19,2,47,32,44],[3,31,6,46,28,60,35],[54,23,18,36,52,51,22],[13,11,53,40,24,39,17],[61,49,37,25,9,50],[16,7,38,58,15,41,59,33,56],[27,26,21,55,30],[8,62,4,42,10,43,14,20],[12,34,45,57]]},{"fuel":2432.941984832441,"distance":1704.7884040764268,"trucks":[[29,63,48,5,19,2,47,32,44],[35,3,31,6,46,28,60],[54,23,18,36,52,51,22],[13,11,53,40,24,39,17],[61,49,37,25,9,50],[16,7,38,58,15,41,59,33,56],[27,26,21,55,30],[8,62,43,10,42,4,14,20],[12,34,45,57]]},{"fuel":2432.8844158300512,"distance":1707.2378303078683,"trucks":[[29,63,48,5,19,2,47,32,44],[35,3,31,6,46,28,60],[54,23,18,36,52,51,22],[13,11,53,40,24,39,17],[61,49,37,25,9,50],[16,7,38,58,15,41,59,33,56],[27,21,26,30,55],[8,62,4,42,10,43,14,20],[12,34,45,57]]},{"fuel":2431.7151910800135,"distance":1707.3336036549883,"trucks":[[29,63,48,5,19,2,47,32,44],[35,3,31,6,46,28,60],[54,23,18,36,52,51,22],[13,11,53,40,24,39,17],[61,49,37,25,9,50],[16,7,38,58,15,41,59,33,56],[27,26,21,55,30],[8,62,4,42,10,43,14,20],[12,34,45,57]]}]}