{"benchmark":"B-n35-k5","front":[{"distance":956.29409898826,"trucks":[[35,28,25,29,5,15,23],[18,30,11,17,13],[9,32,26,22],[16,31,6,12,20,3,33,14],[7,34,4,19,27,2,24,10,8,21]],"fuel":1367.1801324105472},{"distance":956.603728678555,"trucks":[[35,28,25,5,29,15,23],[18,30,11,17,13],[9,32,26,22],[16,31,6,12,20,3,33,14],[7,34,4,19,27,2,24,10,8,21]],"fuel":1364.2117561848859},{"distance":961.8253287299398,"trucks":[[35,28,25,29,5,15,23],[13,11,17,2,24,10,8,21],[22,26,32,7,34,4,27,19],[16,31,6,12,20,3,33,14],[30,18,9]],"fuel":1356.0740854420737},{"distance":961.9257663245602,"trucks":[[35,28,25,29,5,15,23],[13,11,17,10,24,2,8,21],[22,26,32,7,34,4,27,19],[16,31,6,12,20,3,33,14],[30,18,9]],"fuel":1354.559472051455},{"distance":962.076172475177,"trucks":[[35,28,25,5,29,15,23],[13,11,17,24,2,10,8,21],[22,26,32,7,34,4,27,19],[16,31,6,12,20,3,33,14],[18,30,9]],"fuel":1352.904670300287},{"distance":962.2353960148552,"trucks":[[35,28,25,5,29,15,23],[13,11,17,10,24,2,8,21],[22,26,32,7,34,4,27,19],[16,31,6,12,20,3,33,14],[30,18,9]],"fuel":1351.5910958257937}],"Optimal":955}