{"Optimal":707,"front":[{"fuel":1001.6245905259423,"trucks":[[43,38,5,40,27,22,48],[19,11,9,18,52,15,45,29,47],[54,7,25,46,42,30,16,8,20],[44,24,51,23,39,10,13,6,41],[28,36,17,53,2,26],[14,50,34,12,56,21,32,55,31,35,3],[49,33,37,4]],"distance":718.0711036020435},{"trucks":[[43,38,5,40,27,22,48],[19,11,9,18,52,15,45,29,47],[54,7,25,46,42,30,16,8,20],[44,24,51,23,39,10,13,6,41],[28,36,17,53,2,26],[14,50,34,3,35,31,55,32,21,56,12],[49,33,37,4]],"fuel":999.7850995695092,"distance":719.6490985454427},{"distance":720.5054773719162,"fuel":998.40025406172,"trucks":[[43,38,5,40,27,22,48],[47,9,18,52,15,45,29,11,19],[54,7,25,42,46,30,16,8,20],[44,24,51,23,39,10,13,6,41],[28,36,17,53,2,26],[14,50,34,3,35,31,55,32,21,56,12],[49,33,37,4]]},{"trucks":[[43,38,5,40,27,22,48],[19,47,9,18,15,52,45,29,11],[54,7,25,46,42,30,16,8,20],[44,24,51,23,39,10,13,6,41],[28,36,17,53,2,26],[14,50,34,3,35,55,31,32,21,56,12],[49,33,37,4]],"distance":720.8306648928963,"fuel":996.7849617231952}],"benchmark":"B-n56-k7"}