{"front":[{"distance":1181.5680765683467,"trucks":[[59,41,22,74,73,75,134,23,42,146,58,145,88,98],[34,82,121,10,104,72,137,36,136,35,79,130,80],[14,118,96,93,38,99,101,92,86,94,100,105,60],[83,49,125,48,37,144,50,65,12,8,107,53,147],[19,85,18,114,62,17,142,45,120,15,143,43,44,16,116,3],[95,97,7,148,90,61,119,6,84,115,9],[133,2,102,71,31,123,52,66,67,21,129,132,33,91,64,127],[13,110,151,81,69,122,30,25,135,55,131,56,26,140],[149,63,108,20,124,47,46,126,87,141,39,138],[77,117,78,4,103,51,70,32,109,11,89,128],[27,150,111,5,40,68,24,57,76,106],[113,54,139,29,112,28]],"fuel":1685.3098511387027},{"trucks":[[59,41,22,74,73,75,134,23,42,146,58,145,88,98],[34,82,121,10,104,72,137,36,136,35,79,130,80],[14,118,96,93,38,99,101,92,86,94,100,105,60],[83,49,125,48,37,144,50,65,12,8,107,53,147],[19,85,18,114,62,17,142,45,120,15,143,43,44,16,116,3],[95,97,7,148,90,61,119,6,84,9,115],[133,2,102,71,31,123,52,66,67,21,129,132,33,91,64,127],[13,110,151,81,69,122,30,25,135,55,131,56,26,140],[149,63,108,20,124,47,46,126,87,141,39,138],[77,117,78,4,103,51,70,32,109,11,89,128],[106,27,150,111,5,40,68,24,57,76],[113,54,139,29,112,28]],"distance":1181.7675874254412,"fuel":1677.928138273168},{"fuel":1677.6889178330846,"trucks":[[59,41,22,74,73,75,134,23,42,146,58,145,88,98],[34,82,121,10,104,72,137,36,136,35,79,130,80],[14,118,96,93,38,99,101,92,86,94,60,105,100],[83,49,125,48,37,144,50,65,12,8,107,53,147],[19,85,18,114,62,17,142,45,120,15,143,43,44,16,116,3],[95,97,7,148,90,61,119,6,84,115,9],[133,2,102,71,31,123,52,66,67,21,129,132,33,91,64,127],[13,110,151,81,69,122,30,25,135,55,131,56,26,140],[149,63,108,20,124,47,46,126,87,141,39,138],[77,117,78,4,103,51,70,32,109,11,89,128],[106,27,150,111,5,40,68,24,57,76],[113,54,139,29,112,28]],"distance":1182.0087633631433},{"distance":1182.523899528345,"trucks":[[59,41,22,74,73,75,134,23,42,146,58,145,88,98],[34,82,121,10,104,72,137,36,136,35,79,130,80],[14,118,96,93,38,99,101,92,86,94,100,105,60],[147,83,49,125,48,37,144,50,65,12,8,107,53],[19,85,18,114,62,17,142,45,120,15,143,43,44,16,116,3],[95,97,7,148,90,61,119,6,84,115,9],[133,2,102,71,31,123,52,66,67,21,129,132,33,91,64,127],[13,110,151,81,69,122,30,25,135,55,131,56,26,140],[149,63,108,20,124,47,46,126,87,141,39,138],[77,117,78,4,103,51,70,32,109,11,89,128],[106,27,150,111,5,40,68,24,57,76],[113,54,139,29,112,28]],"fuel":1676.0423556090534},{"trucks":[[59,41,22,74,73,75,134,23,42,146,58,145,88,98],[34,82,121,10,104,72,137,36,136,35,79,130,80],[14,118,96,93,99,38,101,92,86,94,100,105,60],[147,53,107,8,83,49,125,48,37,144,50,65,12],[19,85,18,114,62,17,142,45,120,15,143,43,44,16,116,3],[95,97,7,148,90,61,119,6,84,115,9],[133,2,102,71,31,123,52,66,67,21,129,132,33,91,64,127],[13,110,151,81,69,122,30,25,135,55,131,56,26,140],[149,63,108,20,124,47,46,126,87,141,39,138],[77,117,78,4,103,51,70,32,109,11,89,128],[27,150,111,5,40,68,24,57,76,106],[113,54,139,29,112,28]],"fuel":1675.0593127847908,"distance":1182.6162405463076},{"distance":1182.8157514034021,"fuel":1667.6775999192562,"trucks":[[59,41,22,74,73,75,134,23,42,146,58,145,88,98],[34,82,121,10,104,72,137,36,136,35,79,130,80],[14,118,96,93,99,38,101,92,86,94,100,105,60],[147,53,107,8,83,49,125,48,37,144,50,65,12],[19,85,18,114,62,17,142,45,120,15,143,43,44,16,116,3],[95,97,7,148,90,61,119,6,84,9,115],[133,2,102,71,31,123,52,66,67,21,129,132,33,91,64,127],[13,110,151,81,69,122,30,25,135,55,131,56,26,140],[149,63,108,20,124,47,46,126,87,141,39,138],[77,117,78,4,103,51,70,32,109,11,89,128],[106,27,150,111,5,40,68,24,57,76],[113,54,139,29,112,28]]},{"distance":1183.1969925960796,"fuel":1667.63488195915,"trucks":[[59,41,22,74,73,75,134,23,42,146,58,145,88,98],[34,82,121,10,104,72,137,36,136,35,79,130,80],[14,118,96,93,38,99,101,92,86,94,100,105,60],[147,53,107,8,83,49,125,48,37,144,50,65,12],[19,85,18,114,62,17,142,45,120,15,143,43,44,16,116,3],[95,97,7,148,90,61,119,6,84,115,9],[133,2,102,71,31,123,52,66,67,21,129,132,33,91,64,127],[13,110,151,81,69,122,30,25,135,55,131,56,26,140],[149,63,108,20,124,47,46,126,87,141,39,138],[77,117,78,4,103,51,70,32,109,11,89,128],[106,27,150,111,5,40,68,24,57,76],[113,54,139,29,112,28]]},{"trucks":[[59,41,22,74,73,75,134,23,42,146,58,145,88,98],[34,82,121,10,104,72,137,36,136,35,79,130,80],[14,118,96,93,38,99,101,92,86,94,100,105,60],[147,53,107,8,83,49,125,48,37,144,50,65,12],[19,85,18,114,62,17,142,45,120,15,143,43,44,16,116,3],[95,97,7,148,90,61,119,6,84,9,115],[133,2,102,71,31,91,64,127,33,132,129,21,67,66,52,123],[13,110,151,81,69,122,30,25,135,55,131,56,26,140],[149,63,108,20,124,47,46,126,87,141,39,138],[77,117,78,4,103,51,70,32,109,11,89,128],[106,27,150,111,5,40,68,24,57,76],[113,54,139,29,112,28]],"fuel":1661.5842907967442,"distance":1183.3330152407596},{"fuel":1661.5574772492025,"trucks":[[59,41,22,74,73,75,134,23,42,146,58,145,88,98],[34,82,121,10,104,72,137,36,136,35,79,130,80],[14,118,96,93,38,99,101,92,86,94,100,105,60],[147,53,107,8,83,49,125,48,37,144,50,65,12],[19,85,18,114,62,17,142,45,120,15,143,43,44,16,116,3],[95,97,7,148,90,61,119,6,84,115,9],[133,2,102,71,31,91,64,127,33,132,129,21,67,66,52,123],[13,110,151,81,69,122,30,25,135,55,131,56,26,140],[149,63,108,20,124,47,46,126,87,141,39,138],[77,117,78,4,103,51,70,32,109,11,89,128],[106,27,150,111,5,40,68,24,57,76],[113,54,139,29,112,28]],"distance":1183.714256433437}],"benchmark":"M-n151-k12","Optimal":1053}