{"benchmark":"B-n78-k10","Optimal":1221,"front":[{"fuel":1825.3013416277515,"trucks":[[2,53,25,22,44,70,68,39],[18,73,59,57,9,13,16,72,23],[48,58,8,77,74,33,30],[62,40,36,60,5,37,15,42],[52,46,35,47,32,21,55,4],[78,24,45,27,12,65,41,54],[43,67,61,17,19,69,11,26],[66,6,31,71,38,76,50],[20,29,75,49,14,34,56,51,10],[3,28,64,63,7]],"distance":1297.2999783500325},{"trucks":[[2,53,25,22,44,70,68,39],[18,73,59,57,9,23,72,16,13],[48,58,8,77,74,33,30],[40,36,60,5,37,15,42],[52,46,35,47,32,21,55,4],[78,24,45,27,12,65,41,54],[43,67,61,17,19,69,11,26],[66,6,31,71,38,76,50],[20,29,75,49,14,34,56,62,51,10],[3,28,64,63,7]],"distance":1297.5827476831491,"fuel":1823.8523379440107},{"fuel":1823.7921041345353,"distance":1297.7257882329025,"trucks":[[2,53,25,22,44,70,68,39],[18,73,59,57,9,23,72,16,13],[48,58,8,77,74,33,30],[62,40,36,60,5,37,15,42],[52,46,35,47,32,21,55,4],[78,24,45,27,12,65,41,54],[43,67,61,17,19,69,11,26],[66,6,31,71,38,76,50],[20,29,75,49,14,34,56,51,10],[3,28,64,63,7]]},{"trucks":[[2,53,25,22,44,70,68,39],[18,73,59,57,9,23,72,16,13],[48,58,8,77,74,33,30],[62,40,5,60,36,37,15,42],[52,46,35,47,32,21,55,4],[78,24,45,27,12,65,41,54],[43,67,61,17,19,69,11,26],[66,6,31,71,38,76,50],[20,29,75,49,14,34,56,51,10],[3,28,64,63,7]],"fuel":1823.1827744710617,"distance":1300.3359632573367},{"fuel":1823.1708235194708,"distance":1302.5389590621428,"trucks":[[2,53,25,22,44,70,68,39],[18,73,59,57,9,23,72,16,13],[48,58,8,77,74,33,30],[62,40,5,60,36,37,15,42],[52,46,35,47,32,4,55,21],[78,24,45,27,12,65,41,54],[43,67,61,17,19,69,11,26],[50,66,76,38,71,31,6],[20,29,75,49,14,34,56,51,10],[3,28,64,63,7]]},{"fuel":1817.1150100343716,"distance":1302.6526077520032,"trucks":[[2,53,25,22,44,70,68,39],[18,73,59,57,9,72,23,16,13],[66,58,8,77,74,33],[62,40,36,60,5,37,15,42],[52,46,35,47,32,4,55,21],[78,24,45,27,12,65,41,54],[43,67,61,17,19,69,11,26],[48,50,6,31,38,71,30,76],[20,29,75,49,14,34,56,51,10],[3,28,64,63,7]]},{"trucks":[[2,53,25,22,44,70,68,39],[18,73,59,57,9,72,23,16,13],[66,58,8,77,74,33],[62,40,5,60,36,37,15,42],[52,46,35,47,32,4,55,21],[78,24,45,27,12,65,41,54],[43,61,67,17,19,69,11,26],[48,50,6,31,38,71,30,76],[20,29,75,49,14,34,56,51,10],[3,28,64,63,7]],"distance":1305.2413453241904,"fuel":1816.5847504324545},{"trucks":[[2,53,25,22,44,70,68,39],[18,73,59,57,9,72,23,16,13],[66,58,8,77,74,33],[62,40,5,60,36,37,15,42],[52,46,35,47,32,4,55,21],[78,24,45,27,12,65,41,54],[43,67,61,17,19,69,11,26],[48,50,6,31,38,71,30,76],[20,29,75,49,14,34,56,51,10],[3,28,64,63,7]],"distance":1305.2627827764375,"fuel":1816.505680370898}]}