{"front":[{"trucks":[[6,31,38,71,30,76],[8,77,33,74,32,21,55,4],[29,75,40,49,14,5,20,10],[2,25,53,22,44,68,70,39],[26,11,19,17,67,61,7,63],[18,73,59,57,9,13,16,23,72],[51,62,34,56,36,60,37,15,42],[48,66,58,52,46,47,35],[24,45,27,12,65,41,54,69,43],[28,50,64,3,78]],"distance":1284.274909449699,"fuel":1807.362049342658},{"trucks":[[6,31,38,71,30,76],[8,77,33,74,32,21,55,4],[29,75,40,49,14,5,20,10],[2,53,25,22,44,68,70,39],[26,11,19,17,67,61,7,63],[18,73,59,57,9,23,72,13,16],[51,62,34,56,36,60,37,15,42],[48,66,58,52,46,47,35],[24,45,27,12,65,41,54,69,43],[28,50,64,3,78]],"distance":1284.791110548396,"fuel":1806.6892815035483},{"fuel":1806.608371740091,"trucks":[[6,31,38,71,30,76],[8,77,33,74,32,21,55,4],[29,75,40,49,14,5,20,10],[2,25,53,22,44,68,70,39],[26,11,19,17,67,61,7,63],[18,73,59,57,9,23,16,13,72],[51,62,34,56,36,60,37,15,42],[48,66,58,52,46,47,35],[24,45,27,12,65,41,54,69,43],[28,50,64,3,78]],"distance":1284.901793008292}],"benchmark":"B-n78-k10","Optimal":1221}