{"benchmark":"A-n62-k8","Optimal":1288,"front":[{"trucks":[[60,56,27,34,59,18,51],[2,10,22,42,24,28,40,4],[39,20,14,15,6,61,26,12,5,36,50,32,35],[19,31,55,43,25,48,46],[21,41,7,33,58,44,9,8],[17,38,23,45,3,47],[29,16,62,30,11,52],[54,49,57,13,53,37]],"distance":1380.3819362668185,"fuel":1951.2760052629508},{"trucks":[[60,56,27,34,59,18,51],[2,4,40,28,24,42,22,10],[39,20,14,15,6,61,26,12,5,36,50,32,35],[19,31,55,43,25,48,46],[21,41,7,33,58,44,9,8],[17,38,23,45,3,47],[29,16,62,30,11,52],[54,49,57,13,53,37]],"distance":1381.3866984356955,"fuel":1945.713775124341},{"trucks":[[60,56,27,34,59,18,51],[2,10,22,42,24,28,40,4],[39,20,14,15,6,61,26,12,5,36,50,32,35],[19,31,55,43,25,48,46],[21,41,7,33,58,44,9,8],[17,38,23,45,3,47],[16,29,52,11,30,62],[54,49,57,13,53,37]],"distance":1382.8018057151137,"fuel":1939.7844306037007},{"trucks":[[60,56,27,34,59,18,51],[2,10,22,42,24,28,40,4],[39,20,14,15,6,61,50,36,5,12,26,32,35],[19,31,55,43,25,48,46],[21,41,7,33,58,44,9,8],[17,38,23,45,3,47],[29,16,52,11,30,62],[54,49,57,13,53,37]],"distance":1385.101423425703,"fuel":1939.7627024699634},{"trucks":[[60,56,27,34,59,18,51],[29,54,2,43,40,28,24,42,22],[39,20,14,15,6,61,32,26,12,5,36,50,35],[19,31,10,55,4,25,48,46],[21,41,7,33,58,62],[17,38,23,45,3,47],[52,11,9,44,30,8],[16,57,49,13,53,37]],"distance":1385.1848246814875,"fuel":1926.46406409797},{"trucks":[[60,56,27,34,59,18,51],[29,54,2,43,40,28,24,42,22],[39,20,14,15,6,61,32,26,12,50,5,36,35],[19,31,10,55,4,25,48,46],[21,41,7,33,58,62],[17,38,23,45,3,47],[52,11,9,44,30,8],[16,57,49,13,53,37]],"distance":1389.7393854564903,"fuel":1926.0874595909277},{"trucks":[[60,56,27,34,59,18,51],[29,54,2,43,40,28,24,42,22],[39,20,14,15,6,61,32,26,12,50,36,5,35],[19,31,10,55,4,25,48,46],[21,41,7,33,58,62],[17,38,23,45,3,47],[52,11,9,44,30,8],[16,57,49,13,53,37]],"distance":1392.7160944665432,"fuel":1925.810398794316}]}