{"benchmark":"M-n200-k16","Optimal":1274,"front":[{"fuel":2235.098515736435,"trucks":[[93,92,192,142,17,62,174,85,18,114,87,141,39,45,120],[116,179,3,58,145,173,43,143,15,193,194,101,38,99,105,61,200],[8,47,125,169,49,124,20,108,176,12,65,50,144,37],[150,196,180,111,199,22,74,73,198,57,187,24,42,44],[98,152,60,100,94,86,6,119,7],[156,5,140,188,40,171,26,56,166,131,55,135],[185,77,197,117,78,69,81,151,178,164,110,13],[97,96,118,88,16,146,172,75,23,134,76,68],[90,148,184,95,14,138,59,153,41,106],[136,36,137,72,162,104,10,121,165,35,79,130,25],[103,158,52,82,34,186,4,159,80,170,30,122,51],[89,149,63,160,190,11,109,91,127,64,182,33],[147,70,163,102,71,132,161,129,67,66,189,21,31,123],[53,107,195,83,9,175,46,126,115,84,19,167],[112,177,2,133,32,191,128,183,48,154],[157,113,54,181,27,155,139,29,28,168]],"distance":1562.6475882223224},{"fuel":2218.8635485866866,"trucks":[[192,142,17,62,174,85,18,114,87,141,39,120,45,92,93],[116,179,3,58,145,173,43,143,15,193,194,101,38,99,105,61,200],[167,19,84,115,126,46,175,47,125,169,49,8],[150,196,180,111,199,22,74,73,198,57,187,24,42,44],[98,152,60,100,94,86,6,119,7],[55,131,156,5,140,188,40,171,26,56,166,135],[77,197,117,78,69,81,151,178,110,13,164,185],[97,96,118,88,16,146,172,75,23,134,76,68],[90,148,184,95,14,138,59,153,41,106],[136,36,137,72,162,104,10,121,165,35,79,130,25],[51,103,158,34,186,80,159,4,122,30,170,82,52],[89,149,63,160,190,11,109,91,33,182,64,127],[147,70,163,102,71,123,31,161,129,21,189,67,66,132],[53,107,195,83,9,124,20,108,176,12,65,50,144,37],[112,177,2,133,128,191,32,183,48,154],[157,113,54,181,27,155,139,29,28,168]],"distance":1582.3077939249317},{"fuel":2216.61834131167,"trucks":[[192,142,17,62,174,85,18,114,87,141,39,120,45,92,93],[116,3,179,58,145,173,43,143,15,193,194,101,38,99,105,61,200],[167,19,84,115,126,46,175,47,125,169,49,8],[150,196,180,111,199,22,74,73,198,57,187,24,42,44],[98,152,60,100,94,86,6,119,7],[55,131,156,5,140,188,40,171,26,56,166,135],[185,77,197,117,78,69,81,151,178,110,13,164],[97,96,118,88,16,146,172,75,23,134,76,68],[90,148,184,95,14,138,59,153,41,106],[136,36,137,72,162,104,10,121,165,35,79,130,25],[51,103,158,34,186,80,159,4,122,30,170,82,52],[89,149,63,160,190,11,109,91,33,182,64,127],[147,70,163,102,71,123,31,161,129,21,189,67,66,132],[53,107,195,83,9,124,20,108,176,12,65,50,144,37],[112,177,2,133,128,191,32,183,48,154],[157,113,54,181,27,155,139,29,28,168]],"distance":1582.474647727461}]}