{"Optimal":744,"benchmark":"P-n60-k10","front":[{"distance":808.1955356392994,"fuel":1130.4791523386668,"trucks":[[46,30,6,38,21,16,58],[41,33,45,4,18],[13,40,10,26,56,19,51],[34,2,44,42,43,23,48],[35,53,28,14,55,36,47],[31,22,60,37,49],[27,39,32,11,59],[8,54,12,15,20],[7,3,29,5,9],[52,17,50,25,57,24]]},{"distance":808.2764155047689,"trucks":[[46,30,6,38,21,16,58],[41,33,45,4,18],[13,40,10,26,56,19,51],[34,2,44,42,43,23,48],[35,53,28,14,55,36,47],[31,22,60,37,49],[27,59,11,32,39],[8,54,12,15,20],[7,3,29,5,9],[52,17,50,25,57,24]],"fuel":1120.46111902978},{"trucks":[[46,30,6,38,21,16,58],[18,41,33,45,4],[13,40,10,26,56,19,51],[34,2,44,42,43,23,48],[47,53,28,14,55,9,36],[31,49,37,60,22],[27,59,11,32,39],[8,54,12,15,20],[7,3,29,5],[35,52,17,50,25,57,24]],"distance":808.5160330051466,"fuel":1119.0751005646296},{"distance":808.9434921070911,"trucks":[[46,30,6,38,21,16,58],[41,33,45,4,18],[13,40,10,26,56,19,51],[34,2,44,42,43,23,48],[35,47,53,28,14,55,36],[31,22,60,37,49],[27,59,11,32,39],[8,54,12,15,20],[7,3,29,5,9],[52,17,50,25,57,24]],"fuel":1112.6660487041108},{"trucks":[[46,30,6,38,21,16,58],[18,41,33,45,4],[13,40,10,26,56,19,51],[34,2,44,42,43,23,48],[35,47,53,28,14,55,36],[31,22,60,37,49],[27,59,11,32,39],[8,54,12,15,20],[7,3,29,5,9],[52,17,50,25,57,24]],"fuel":1107.5093310119441,"distance":809.1148485414557},{"trucks":[[46,30,6,38,21,16,58],[18,41,33,45,4],[13,40,10,26,56,19,51],[34,2,44,42,43,23,48],[35,47,53,28,14,55,36],[31,49,37,60,22],[27,59,11,32,39],[8,54,12,15,20],[7,3,29,5,9],[52,17,50,25,57,24]],"fuel":1107.316302811499,"distance":809.8266715427399},{"trucks":[[46,30,6,38,21,16,58],[18,41,33,45,4],[13,40,10,26,56,19,51],[34,2,44,42,43,23,48],[35,47,53,28,14,55,36],[31,49,22,60,37],[27,59,11,32,39],[8,54,12,15,20],[7,3,29,5,9],[52,17,50,25,57,24]],"fuel":1105.946853466112,"distance":812.0521819531788}]}