{"Optimal":744,"front":[{"trucks":[[7,34,2,44,42,43,23],[10,40,59,11,39],[50,25,19,51,26,56,32],[52,17,24,57,4,45,33],[46,30,6,38,21,16,58],[54,12,15,20,36],[18,41,13,27,8,9],[35,53,28,14,55,47],[49,48,37,60,22],[5,31,29,3]],"distance":795.4032682848161,"fuel":1123.6669153603061},{"fuel":1122.8901296546062,"trucks":[[7,34,2,44,42,43,23],[10,40,59,11,39],[50,25,19,51,26,56,32],[52,17,24,57,4,45,33],[46,30,6,38,21,16,58],[36,54,12,15,20],[18,41,13,27,8,9],[35,53,28,14,55,47],[49,48,37,60,22],[5,31,29,3]],"distance":795.8609901194656},{"trucks":[[7,34,2,44,42,43,23],[10,40,59,11,39],[50,25,19,51,26,56,32],[33,45,4,17,24,57,52],[46,30,6,38,21,16,58],[54,12,15,20,36],[18,41,13,27,8,9],[35,53,28,14,55,47],[49,48,37,60,22],[5,31,29,3]],"distance":797.785088575171,"fuel":1121.8148500985997},{"fuel":1119.325762311932,"distance":797.9741530501485,"trucks":[[7,34,2,44,42,43,23],[10,40,59,11,39],[50,25,19,51,26,56,32],[52,17,24,57,4,45,33],[46,30,6,38,21,16,58],[54,12,15,20,36],[18,41,13,27,8,9],[35,47,53,28,14,55],[49,48,37,60,22],[5,31,29,3]]},{"distance":798.4318748847979,"trucks":[[7,34,2,44,42,43,23],[10,40,59,11,39],[50,25,19,51,26,56,32],[52,17,24,57,4,45,33],[46,30,6,38,21,16,58],[36,54,12,15,20],[18,41,13,27,8,9],[35,47,53,28,14,55],[49,48,37,60,22],[5,31,29,3]],"fuel":1118.5489766062321},{"trucks":[[7,34,2,44,42,43,23],[10,40,59,11,39],[50,25,19,51,26,56,32],[33,45,4,17,57,24,52],[46,30,6,38,21,16,58],[54,12,15,20,36],[18,41,13,27,8,9],[35,47,53,28,14,55],[49,48,37,60,22],[5,31,29,3]],"distance":800.3199991774325,"fuel":1118.007587291806},{"fuel":1117.4736970502256,"distance":800.3559733405035,"trucks":[[7,34,2,44,42,43,23],[10,40,59,11,39],[50,25,19,51,26,56,32],[33,45,4,17,24,57,52],[46,30,6,38,21,16,58],[54,12,15,20,36],[18,41,13,27,8,9],[35,47,53,28,14,55],[49,48,37,60,22],[5,31,29,3]]},{"trucks":[[7,34,2,44,42,43,23],[10,40,59,11,39],[50,25,19,51,26,56,32],[33,45,4,17,57,24,52],[46,30,6,38,21,16,58],[36,54,12,15,20],[18,41,13,27,8,9],[35,47,53,28,14,55],[49,48,37,60,22],[5,31,29,3]],"distance":800.777721012082,"fuel":1117.230801586106},{"fuel":1116.6969113445257,"distance":800.8136951751529,"trucks":[[7,34,2,44,42,43,23],[10,40,59,11,39],[50,25,19,51,26,56,32],[33,45,4,17,24,57,52],[46,30,6,38,21,16,58],[36,54,12,15,20],[18,41,13,27,8,9],[35,47,53,28,14,55],[49,48,37,60,22],[5,31,29,3]]},{"trucks":[[7,34,2,44,42,43,23],[10,40,59,11,39],[52,25,19,51,26,56,32],[33,45,4,17,50,57,24],[46,30,6,38,21,16,58],[54,12,15,20,36],[18,41,13,27,8,9],[35,47,53,28,14,55],[49,48,37,60,22],[5,31,29,3]],"distance":802.764250271381,"fuel":1113.6791409122127}],"benchmark":"P-n60-k10"}