{"front":[{"fuel":1115.8886720457708,"distance":781.2598067033725,"trucks":[[9,36,15,20,55,14,58],[59,11,32,40,13],[29,22,60,37,48],[17,34,2,44,42,43,23],[46,30,49,6,38,21,16],[24,57,50,25,19,51,56,26],[41,10,33,45,4],[18,52,7,3,31],[35,47,53,28,5],[27,39,12,54,8]]},{"trucks":[[9,36,15,20,55,14,58],[59,11,32,40,13],[29,22,60,37,48],[17,34,2,44,42,43,23],[46,30,49,6,38,21,16],[24,57,50,25,19,51,56,26],[41,10,33,45,4],[18,52,7,3,31],[35,47,53,28,5],[27,8,54,12,39]],"distance":783.0117398992891,"fuel":1111.7467154048},{"fuel":1108.6921006296448,"distance":785.372419674287,"trucks":[[9,36,15,20,55,14,58],[13,59,11,32,40],[29,22,60,37,48],[17,34,2,44,42,43,23],[46,30,49,6,38,21,16],[24,57,50,25,19,51,56,26],[41,10,33,45,4],[18,52,7,3,31],[35,47,53,28,5],[27,8,54,12,39]]},{"trucks":[[9,36,15,20,55,14,58],[13,59,11,32,40],[29,22,60,37,48],[17,34,2,44,42,43,23],[46,30,49,6,38,21,16],[24,57,50,25,19,51,56,26],[41,10,33,45,4],[18,52,7,3,31],[5,35,47,53,28],[27,8,54,12,39]],"distance":788.5491062864351,"fuel":1108.6147512315824}],"benchmark":"P-n60-k10","Optimal":744}