{"Optimal":744,"front":[{"trucks":[[25,50,24,57,42,44,43,23],[49,48,37,60,22],[4,45,33,51,19,56,26],[30,6,38,21,16,58,14,55],[59,11,39,12],[3,29,2,34,17],[41,10,32,40,13],[5,31,7,52,18],[35,47,9,53,28,46],[27,8,54,15,20,36]],"fuel":1108.1607859827873,"distance":780.4588665752777},{"trucks":[[25,50,24,57,42,44,43,23],[49,48,37,60,22],[4,45,33,51,19,56,26],[30,6,38,21,16,58,14,55],[59,11,39,12],[3,29,2,34,17],[41,10,40,32,13],[5,31,7,52,18],[35,47,9,53,28,46],[27,8,54,15,20,36]],"fuel":1106.3329690044156,"distance":781.8842747155834},{"distance":783.4808000991504,"trucks":[[25,50,24,57,42,44,43,23],[49,48,37,60,22],[4,45,33,51,19,56,26],[30,6,38,21,16,58,14,55],[59,11,39,12],[3,29,2,34,17],[13,41,10,32,40],[5,31,7,52,18],[35,47,9,53,28,46],[27,8,54,15,20,36]],"fuel":1106.331347001931},{"trucks":[[25,50,24,57,42,44,43,23],[49,48,37,60,22],[4,45,33,51,19,56,26],[30,6,38,21,16,58,14,55],[59,11,39,12],[3,29,2,34,17],[13,41,10,40,32],[5,31,7,52,18],[35,47,9,53,28,46],[27,8,54,15,20,36]],"fuel":1104.0383987990554,"distance":784.6311314336598}],"benchmark":"P-n60-k10"}