{"benchmark":"A-n62-k8","Optimal":1288,"front":[{"trucks":[[29,35,60,56,27,34,59,18,51],[46,48,25,4,43],[19,31,2,55,10,12,50,26,32,61,6,15],[47,40,28,24,42,22,5,36],[53,37,17,38,23,45,3],[54,13,49,57,14,20,39],[52,11,9,44,30,62,8],[16,21,41,58,33,7]],"distance":1334.1443710803132,"fuel":1872.7052156159243},{"fuel":1869.510000467391,"distance":1334.4805319795203,"trucks":[[29,35,60,56,27,34,59,18,51],[46,48,25,4,43],[19,31,2,55,10,12,50,26,32,61,6,15],[47,40,28,24,42,22,5,36],[37,17,38,23,45,3,53],[54,13,49,57,14,20,39],[52,11,9,44,30,62,8],[16,21,41,7,33,58]]},{"distance":1335.1446027938537,"fuel":1868.6462798091266,"trucks":[[29,35,60,56,27,34,59,18,51],[46,48,25,4,43],[19,31,2,55,10,12,50,26,32,61,6,15],[13,47,40,28,24,42,22,5,36],[53,37,17,38,23,45,3],[54,49,57,14,20,39],[52,11,9,44,30,62,8],[16,21,41,7,33,58]]},{"trucks":[[29,35,60,56,27,34,59,18,51],[46,48,25,4,43],[19,31,2,55,10,12,50,26,32,61,6,15],[47,40,28,24,42,22,5,36],[53,37,17,38,23,45,3],[54,13,49,57,14,20,39],[52,11,9,44,30,62,8],[16,21,41,7,33,58]],"distance":1335.3651095166158,"fuel":1868.563923376295},{"trucks":[[29,35,60,56,27,34,59,18,51],[46,48,25,4,43],[19,31,2,55,10,12,50,26,32,61,6,15],[39,47,40,28,24,42,22,5,36],[53,37,17,38,23,45,3],[54,13,49,57,14,20],[52,11,9,44,30,62,8],[16,21,41,7,33,58]],"distance":1335.3691284445777,"fuel":1867.7095578170288}]}