{"front":[{"trucks":[[21,20,52,24,38,35,10],[39,44,29,13,23,19],[2,18,28,15,36,27,22,8,41,37,40,45],[11,42,57,53,14,62,25,61,17,9],[5,55,59,3,64,48,47],[33,6,51,32,60,56,50],[16,12,58,31,4,54,46],[49,63,43],[7,26,30,34]],"fuel":2040.3107618903537,"distance":1447.3581118217867},{"trucks":[[43,20,52,24,38,35,10],[39,44,29,13,23,19],[2,18,28,15,36,27,22,8,41,37,40,45],[11,42,57,53,14,62,25,61,17,9],[5,55,59,3,64,48,47],[33,6,51,32,60,56,50],[16,12,58,31,4,54,46],[49,63,21],[7,26,30,34]],"fuel":2038.970706934968,"distance":1447.8917731036445},{"trucks":[[43,20,52,24,38,35,10],[39,44,29,13,23,19],[2,18,28,15,36,27,22,8,41,37,40,45],[11,42,57,53,14,62,25,61,17,9],[5,55,59,3,64,48,47],[33,6,51,32,60,56,50],[46,16,12,58,31,4,54],[49,63,21],[7,26,30,34]],"fuel":2037.8457141837453,"distance":1449.5987901412284},{"trucks":[[21,20,52,24,38,35,10],[39,19,23,13,29,44],[2,18,28,15,36,27,22,8,41,37,40,45],[11,42,57,53,14,62,25,61,17,9],[5,55,59,3,64,48,47],[33,6,51,32,60,56,50],[16,12,58,31,4,54,46],[49,63,43],[7,26,30,34]],"fuel":2035.5074292029572,"distance":1450.7396159322877},{"trucks":[[43,20,52,24,38,35,10],[39,19,23,13,29,44],[2,18,28,15,36,27,22,8,41,37,40,45],[11,42,57,53,14,62,25,61,17,9],[5,55,59,3,64,48,47],[33,6,51,32,60,56,50],[16,12,58,31,4,54,46],[49,63,21],[7,26,30,34]],"fuel":2034.1673742475714,"distance":1451.2732772141455},{"trucks":[[43,20,52,24,38,35,10],[39,19,23,13,29,44],[2,18,28,15,36,27,22,8,41,37,40,45],[11,42,57,53,14,62,25,61,17,9],[5,55,59,3,64,48,47],[33,6,51,32,60,56,50],[46,16,12,58,31,4,54],[49,63,21],[7,26,30,34]],"fuel":2033.0423814963488,"distance":1452.9802942517294}],"benchmark":"A-n64-k9","Optimal":1401}