{"benchmark":"A-n64-k9","Optimal":1401,"front":[{"distance":1521.472424121875,"fuel":2137.884096487091,"trucks":[[12,58,18,2,28,36,27,22,8,37,41,45],[62,25,61,17,9,47,64,3,59],[39,44,29,13,23,19],[10,24,38,60,32,51,40,50,56],[43,21,52,20,33,14],[35,5,6,55,48,53],[26,30,15,31,16,7],[46,54,4,63],[49,34,42,57,11]]},{"distance":1521.5549883580043,"fuel":2125.220267097249,"trucks":[[12,58,18,2,28,36,27,22,8,41,37,45],[62,25,61,17,9,47,64,3,59],[39,44,29,13,23,19],[10,24,38,60,32,51,40,50,56],[43,21,52,20,33,14],[35,5,6,55,48,53],[26,30,63],[7,16,31,15,4,54,46],[49,34,42,57,11]]},{"distance":1521.6151064969595,"fuel":2115.560086484551,"trucks":[[12,58,18,2,28,36,27,22,8,37,41,45],[62,25,61,17,9,47,64,3,59],[39,44,29,13,23,19],[10,24,38,60,32,51,40,50,56],[43,21,52,20,33,14],[35,5,6,55,48,53],[7,26,30,15,31,16],[46,54,4,63],[49,34,42,57,11]]},{"distance":1521.8724272820655,"fuel":2105.456777344364,"trucks":[[12,58,18,2,28,36,27,22,8,37,41,45],[62,25,61,17,9,47,64,3,59],[39,44,29,13,23,19],[10,24,38,60,32,51,40,50,56],[43,21,52,20,33,14],[35,5,6,55,48,53],[7,26,30,16,31,15],[46,54,4,63],[49,34,42,57,11]]},{"distance":1523.6842236205198,"fuel":2104.8026790816143,"trucks":[[12,58,18,2,28,36,27,22,8,37,41,45],[62,25,61,17,9,47,64,3,59],[39,44,29,13,23,19],[10,24,38,56,50,40,51,32,60],[43,21,52,20,33,14],[35,5,6,55,48,53],[7,26,30,16,31,15],[46,54,4,63],[49,34,42,57,11]]},{"distance":1523.7790089049856,"fuel":2103.998191929361,"trucks":[[12,58,18,2,28,36,27,22,8,37,41,45],[62,25,61,17,9,47,64,3,59],[39,44,29,13,23,19],[10,24,38,56,50,40,51,32,60],[43,21,52,20,33,14],[35,5,6,55,48,42],[7,26,30,16,31,15],[46,54,4,63],[49,34,53,57,11]]},{"distance":1525.2539313925665,"fuel":2100.6534446569676,"trucks":[[12,58,18,2,28,36,27,22,8,37,41,45],[62,25,61,17,9,47,64,3,59],[39,19,23,13,29,44],[10,24,38,60,32,51,40,50,56],[43,21,52,20,33,14],[35,5,6,55,48,53],[7,26,30,16,31,15],[46,54,4,63],[49,34,42,57,11]]},{"distance":1525.3487166770324,"fuel":2099.8489575047142,"trucks":[[12,58,18,2,28,36,27,22,8,37,41,45],[62,25,61,17,9,47,64,3,59],[39,19,23,13,29,44],[10,24,38,60,32,51,40,50,56],[43,21,52,20,33,14],[35,5,6,55,48,42],[7,26,30,16,31,15],[46,54,4,63],[49,34,53,57,11]]},{"distance":1526.072486502485,"fuel":2099.2241053644066,"trucks":[[12,58,18,2,28,36,27,22,8,37,41,45],[62,25,61,17,9,47,64,3,59],[39,19,23,13,29,44],[10,24,38,56,50,40,51,32,60],[43,21,52,20,33,14],[35,5,6,55,48,42],[7,26,30,16,15,31],[46,54,4,63],[49,34,53,57,11]]},{"distance":1527.1605130154867,"fuel":2099.1948592419644,"trucks":[[12,58,18,2,28,36,27,22,8,37,41,45],[62,25,61,17,9,47,64,3,59],[39,19,23,13,29,44],[10,24,38,56,50,40,51,32,60],[43,21,52,20,33,14],[35,5,6,55,48,42],[7,26,30,16,31,15],[46,54,4,63],[49,34,53,57,11]]}]}