{"Optimal":955,"front":[{"fuel":1367.7801205906155,"distance":956.8635576120528,"trucks":[[35,28,25,29,5,15,23],[9,32,26,22],[18,30,17,11,13],[16,31,6,12,20,3,33,14],[7,34,4,19,27,2,24,10,8,21]]},{"fuel":1367.1032371735862,"distance":959.4135463556034,"trucks":[[35,28,25,5,29,15,23],[9,32,26,22],[13,11,17,10,24,2,8,21],[16,31,6,12,20,3,33,14],[7,34,4,27,19,30,18]]},{"trucks":[[35,28,25,29,5,15,23],[18,30,9],[13,11,17,10,24,2,8,21],[16,31,6,12,20,3,33,14],[22,26,32,34,4,27,19,7]],"fuel":1358.1736454368695,"distance":963.7540241862407},{"trucks":[[35,28,25,5,29,15,23],[18,30,9],[13,11,17,2,24,10,8,21],[16,31,6,12,20,3,33,14],[22,26,32,34,4,27,19,7]],"distance":963.9632162819155,"fuel":1356.7198826018266},{"distance":964.0636538765359,"fuel":1355.205269211208,"trucks":[[35,28,25,5,29,15,23],[18,30,9],[13,11,17,10,24,2,8,21],[16,31,6,12,20,3,33,14],[22,26,32,34,4,27,19,7]]},{"trucks":[[35,28,25,5,29,15,23],[30,18,9],[13,11,17,10,24,2,8,21],[16,31,6,12,20,3,33,14],[22,26,32,7,19,27,4,34]],"distance":966.4293601847037,"fuel":1354.6622172831674}],"benchmark":"B-n35-k5"}