{"benchmark":"B-n35-k5","Optimal":955,"front":[{"trucks":[[35,28,25,29,5,15,23],[13,11,17,2,24,10,8,21],[9,32,26,22],[16,31,6,12,20,3,33,14],[7,34,4,19,27,30,18]],"distance":958.952284290343,"fuel":1371.5403649168175},{"fuel":1368.571988691156,"trucks":[[35,28,25,5,29,15,23],[13,11,17,2,24,10,8,21],[9,32,26,22],[16,31,6,12,20,3,33,14],[7,34,4,19,27,18,30]],"distance":959.2619139806379},{"fuel":1367.0573753005374,"trucks":[[35,28,25,5,29,15,23],[13,11,17,10,24,2,8,21],[9,32,26,22],[16,31,6,12,20,3,33,14],[7,34,4,19,27,18,30]],"distance":959.3623515752583},{"fuel":1355.8730465259487,"distance":961.7665427848821,"trucks":[[35,28,25,29,5,15,23],[13,11,17,24,2,10,8,21],[22,26,32,7,34,4,27,19],[16,31,6,12,20,3,33,14],[30,18,9]]},{"distance":961.9257663245602,"trucks":[[35,28,25,29,5,15,23],[13,11,17,10,24,2,8,21],[22,26,32,7,34,4,27,19],[16,31,6,12,20,3,33,14],[30,18,9]],"fuel":1354.559472051455},{"fuel":1353.1057092164122,"distance":962.134958420235,"trucks":[[35,28,25,5,29,15,23],[13,11,17,2,24,10,8,21],[22,26,32,7,34,4,27,19],[16,31,6,12,20,3,33,14],[30,18,9]]},{"distance":962.2353960148552,"fuel":1351.5910958257937,"trucks":[[35,28,25,5,29,15,23],[13,11,17,10,24,2,8,21],[22,26,32,7,34,4,27,19],[16,31,6,12,20,3,33,14],[30,18,9]]}]}