{"Optimal":955,"benchmark":"B-n35-k5","front":[{"distance":959.313108760983,"trucks":[[35,28,25,5,29,15,23],[13,11,17,2,24,10,8,21],[9,32,26,22],[16,31,6,12,20,3,33,14],[7,34,4,27,19,30,18]],"fuel":1368.6178505642047},{"trucks":[[35,28,25,5,29,15,23],[13,11,17,10,24,2,8,21],[9,32,26,22],[16,31,6,12,20,3,33,14],[7,34,4,27,19,30,18]],"distance":959.4135463556034,"fuel":1367.1032371735862},{"distance":961.9257663245602,"trucks":[[35,28,25,29,5,15,23],[13,11,17,10,24,2,8,21],[22,26,32,7,34,4,27,19],[16,31,6,12,20,3,33,14],[18,30,9]],"fuel":1354.559472051455},{"fuel":1353.1057092164122,"distance":962.134958420235,"trucks":[[35,28,25,5,29,15,23],[13,11,17,2,24,10,8,21],[22,26,32,7,34,4,27,19],[16,31,6,12,20,3,33,14],[18,30,9]]},{"trucks":[[35,28,25,5,29,15,23],[13,11,17,10,24,2,8,21],[22,26,32,7,34,4,27,19],[16,31,6,12,20,3,33,14],[18,30,9]],"fuel":1351.5910958257937,"distance":962.2353960148552}]}