{"front":[{"trucks":[[14,42,41,20,43,45,16,46,34,40,11],[28,49,9,29,32,27,8,24,44,25,7],[17,51,35,31,10,50,39,6,38,18,5],[12,3,22,30,21,36,37,4,23,2,33],[47,13,48,19,26,15]],"distance":561.3355208181679,"fuel":808.3659814426094},{"trucks":[[14,42,41,20,43,45,16,46,34,40,11],[28,49,9,29,32,27,8,24,44,25,7],[17,51,35,31,10,50,39,6,38,18,5],[33,12,3,22,30,21,36,37,4,23,2],[47,13,48,19,26,15]],"distance":563.50673193596,"fuel":807.3427185212346}],"Optimal":521,"benchmark":"E-n51-k5"}