{"Optimal":631,"front":[{"trucks":[[28,14,16,21,38,37,48,30],[5,46,6,22,49],[13,40,10,26,19,25,50],[35,47,9,20,15,36],[29,23,2,44,43,42,24,4],[34,17,45,33,32],[27,11,39,12,8],[41,18,7,3,31]],"fuel":947.0939352070042,"distance":668.4825453390948},{"trucks":[[28,14,16,21,38,37,48,30],[5,46,6,22,49],[13,40,10,26,19,25,50],[35,47,9,20,15,36],[29,23,2,44,43,42,24,4],[34,17,45,33,32],[27,11,39,12,8],[18,41,7,3,31]],"distance":668.6814880597622,"fuel":945.4453969777488},{"trucks":[[28,14,16,21,38,37,48,30],[5,46,6,49,22],[13,40,10,26,19,25,50],[35,47,9,20,15,36],[29,23,2,44,43,42,24,4],[34,17,45,33,32],[27,11,39,12,8],[18,41,7,3,31]],"distance":669.3933110610465,"fuel":944.366569973617},{"trucks":[[28,14,16,21,38,37,49,30],[5,46,6,48,22],[13,40,10,26,19,25,50],[35,47,9,20,15,36],[29,23,2,44,43,42,24,4],[34,17,45,33,32],[27,8,12,39,11],[18,41,7,3,31]],"distance":669.8049564535911,"fuel":943.3945475471801}],"benchmark":"P-n50-k8"}