{"benchmark":"P-n50-k8","Optimal":631,"front":[{"trucks":[[13,40,10,26,19,25,50],[41,32,33,45,4,24],[28,14,16,21,38,37,48,30],[17,34,2,44,42,43,23],[35,47,9,20,15,36],[31,49,6,22,29],[27,11,39,12,8],[5,46,3,7,18]],"fuel":954.072892902383,"distance":672.060237675701},{"distance":673.7419754592654,"fuel":953.5407184335153,"trucks":[[13,40,10,26,19,25,50],[41,32,33,45,4,24],[28,14,16,21,38,37,48,30],[17,34,2,44,42,43,23],[35,47,9,20,15,36],[31,49,6,22,29],[27,8,12,39,11],[5,46,3,7,18]]},{"trucks":[[13,40,10,26,19,25,50],[41,32,33,45,4,24],[28,14,16,21,38,37,48,30],[7,34,2,44,42,43,23],[35,47,9,20,15,36],[31,49,6,22,29],[27,11,39,12,8],[5,46,3,17,18]],"distance":675.7692520279047,"fuel":951.4042176619754},{"fuel":950.8720431931076,"trucks":[[13,40,10,26,19,25,50],[41,32,33,45,4,24],[28,14,16,21,38,37,48,30],[7,34,2,44,42,43,23],[35,47,9,20,15,36],[31,49,6,22,29],[27,8,12,39,11],[5,46,3,17,18]],"distance":677.4509898114691}]}