{"benchmark":"P-n55-k10","Optimal":694,"front":[{"trucks":[[18,26,51,19,25,50,4],[8,54,12,15,36],[13,40,32,11,39],[7,34,2,24,17,52],[41,10,33,45],[22,48,37,38,21,16,14],[47,9,20,55,53,35],[3,29,23,43,42,44],[31,49,6,30,46,28],[5,27]],"fuel":1015.4685689974461,"distance":713.2750924203751},{"trucks":[[18,4,50,25,19,51,26],[8,54,12,15,36],[13,40,32,11,39],[7,34,2,24,17,52],[41,10,33,45],[22,48,37,38,21,16,14],[47,9,20,55,53,35],[3,29,23,43,42,44],[31,49,6,30,46,28],[5,27]],"fuel":1010.3186199097746,"distance":713.2988476222368},{"trucks":[[18,4,50,25,19,51,26],[8,54,12,15,36],[13,40,32,11,39],[7,34,2,24,17,52],[41,10,33,45],[22,48,37,38,21,16,14],[35,47,9,20,55,53],[3,29,23,43,42,44],[31,49,6,30,46,28],[5,27]],"fuel":1005.2543492777153,"distance":714.024575380969}]}