{"benchmark":"P-n55-k10","Optimal":694,"front":[{"trucks":[[29,23,2,44,43,42,24],[49,22,48,37,38,21],[35,53,28,14,55,47],[13,40,10,26,19,51],[12,39,11,32],[41,33,45,4,18],[7,34,17,50,25,52],[8,36,54,15,20,9],[3,31,6,16,30,46],[5,27]],"distance":723.8293288346338,"fuel":1020.8511131334002},{"trucks":[[29,23,2,44,43,42,24],[49,22,48,37,38,21],[35,53,28,14,55,47],[13,40,10,26,19,51],[12,39,11,32],[18,41,33,45,4],[7,34,17,50,25,52],[8,36,54,15,20,9],[3,31,6,16,30,46],[5,27]],"distance":724.0006852689983,"fuel":1015.462740044428},{"trucks":[[29,23,2,44,43,42,24],[49,22,48,37,38,21],[47,35,53,28,14,55],[13,40,10,26,19,51],[12,39,11,32],[18,41,33,45,4],[7,34,17,50,25,52],[8,36,54,15,20,9],[3,31,6,16,30,46],[5,27]],"distance":727.2240458768292,"fuel":1012.1532398459984},{"trucks":[[29,23,2,44,43,42,24],[49,22,48,37,38,21],[47,35,53,28,14,55],[13,40,10,26,19,51],[12,39,11,32],[18,41,33,45,4],[7,34,17,50,25,52],[8,36,54,15,20,9],[3,31,46,30,6,16],[5,27]],"distance":731.4408660591828,"fuel":1010.5465054316468}]}