{"Optimal":968,"benchmark":"P-n60-k15","front":[{"distance":989.7129659817783,"trucks":[[30,21,38,37,48],[52,17,50,25,4],[53,28,14,55,20],[33,10,40],[46,6,16,58,9],[54,15,60],[35,47,36,8],[59,11,32],[45,51,19,56,26],[7,34,2,23],[44,43,42,57,24],[27,39,12],[49,22,29],[18,41,13],[5,31,3]],"fuel":1387.2049719496113},{"distance":989.7142085406947,"fuel":1385.6380439705051,"trucks":[[30,38,21,37,48],[52,17,50,25,4],[53,28,14,55,20],[33,10,40],[46,6,16,58,9],[54,15,60],[35,47,36,8],[59,11,32],[45,51,19,56,26],[7,34,2,23],[44,43,42,57,24],[27,39,12],[49,22,29],[18,41,13],[5,31,3]]},{"trucks":[[30,48,37,38,21],[52,17,50,25,4],[53,28,14,55,20],[33,10,40],[46,6,16,58,9],[54,15,60],[35,47,36,8],[59,11,32],[45,51,19,56,26],[7,34,2,23],[44,43,42,57,24],[27,39,12],[49,22,29],[18,41,13],[5,31,3]],"distance":992.2979455407194,"fuel":1384.77122811172}]}