{"Optimal":968,"benchmark":"P-n60-k15","front":[{"trucks":[[40,32,26,56,19],[6,38,21,16,58],[44,43,42,57,24],[27,59,11,8],[49,48,37,22],[36,12,39],[53,14,55,20,9],[41,10,13],[35,47,28,30],[33,51,45,4],[34,17,50,25],[54,60,15],[7,2,23,29],[3,31,46],[5,52,18]],"distance":1008.891959023603,"fuel":1442.4564261432215},{"fuel":1436.0215609699346,"trucks":[[40,32,26,56,19],[6,38,21,16,58],[44,43,42,57,24],[27,59,11,8],[49,48,37,22],[36,12,39],[53,14,55,20,9],[41,10,13],[35,47,28,30],[33,51,45,4],[34,17,50,25],[54,15,60],[7,2,23,29],[3,31,46],[5,52,18]],"distance":1009.9548815420376},{"fuel":1433.0198350148637,"distance":1011.3231508493259,"trucks":[[13,32,26,56,19],[6,38,21,16,58],[44,43,42,57,24],[27,59,11,8],[49,48,37,22],[36,12,39],[53,14,55,20,9],[41,10,40],[35,47,28,30],[33,51,45,4],[34,17,50,25],[54,15,60],[7,2,23,29],[3,31,46],[5,52,18]]},{"distance":1018.7073242137815,"trucks":[[13,32,26,56,19],[6,38,21,16,58],[44,43,42,57,24],[27,59,11,8],[49,22,48,37],[36,12,39],[53,14,55,20,9],[41,10,40],[35,47,28,30],[4,45,33,51],[34,17,50,25],[54,15,60],[7,2,23,29],[5,31,46],[18,52,3]],"fuel":1430.614703532376},{"fuel":1430.1423943521852,"distance":1018.8471082056216,"trucks":[[13,32,26,56,19],[6,38,21,16,58],[44,43,42,57,24],[27,59,11,8],[49,22,48,37],[36,12,39],[53,14,55,20,9],[41,10,40],[35,47,28,30],[4,45,33,51],[34,17,50,25],[54,15,60],[29,23,2],[5,31,46],[18,52,7,3]]},{"distance":1019.3811859286413,"trucks":[[40,32,26,56,19],[6,38,21,16,58],[44,43,42,57,24],[27,59,11,36],[49,22,48,37],[8,12,39],[53,14,55,20,9],[41,10,13],[35,47,28,30],[4,45,33,51],[34,17,50,25],[54,15,60],[29,23,2],[5,46,31],[18,52,7,3]],"fuel":1429.617837138857},{"distance":1020.7494552359296,"fuel":1426.6161111837862,"trucks":[[13,32,26,56,19],[6,38,21,16,58],[44,43,42,57,24],[27,59,11,36],[49,22,48,37],[8,12,39],[53,14,55,20,9],[41,10,40],[35,47,28,30],[4,45,33,51],[34,17,50,25],[54,15,60],[29,23,2],[5,46,31],[18,52,7,3]]}]}