{"benchmark":"P-n60-k15","front":[{"trucks":[[35,47,53],[6,38,21,16,58],[9,20,60,55],[8,54,15,36],[44,43,42,57,24],[33,51,45,4],[30,48,37,22],[34,17,50,25],[52,7,3,31],[49,29,23,2],[59,11,32],[40,10,26,56,19],[18,41,13],[27,39,12],[5,46,28,14]],"fuel":1417.0808366919887,"distance":1006.8666147917991},{"distance":1008.9806294912279,"fuel":1416.8712248158884,"trucks":[[35,47,53],[6,38,21,16,58],[9,20,55,60],[8,54,15,36],[44,43,42,57,24],[33,51,45,4],[30,48,37,22],[34,17,50,25],[52,7,3,31],[49,29,23,2],[59,11,32],[40,10,26,56,19],[18,41,13],[27,39,12],[5,46,28,14]]},{"distance":1009.4436751535289,"trucks":[[35,47,53],[6,38,21,16,58],[9,20,60,55],[8,54,15,36],[44,43,42,57,24],[4,45,33,51],[30,48,37,22],[34,17,50,25],[52,7,3,31],[49,29,23,2],[59,11,32],[40,10,26,56,19],[18,41,13],[27,39,12],[5,46,28,14]],"fuel":1416.2864610710453},{"trucks":[[35,47,53],[6,38,21,16,58],[9,20,55,60],[8,54,15,36],[44,43,42,57,24],[4,45,33,51],[30,48,37,22],[34,17,50,25],[52,7,3,31],[49,29,23,2],[59,11,32],[40,10,26,56,19],[18,41,13],[27,39,12],[5,46,28,14]],"distance":1011.5576898529578,"fuel":1416.076849194945}],"Optimal":968}