{"benchmark":"A-n60-k9","front":[{"trucks":[[35,7,29,45,50,54,32],[16,56,36,51,40,57,44,13],[46,6,55,11,23],[49,43,52,10,33],[47,41,12,5,22,31,37,2,3,15],[19,42,26,4,17,21],[34,9,38,58,28,18,27],[39,60,8,30,14,20],[53,48,24,59,25]],"fuel":2109.46051844212,"distance":1489.1596255486747},{"trucks":[[9,38,58,28,18,27,16],[56,36,51,40,57,13,44],[35,7,29,32,45,50,54],[46,6,55,11,23],[49,43,10,33,52],[34,53,48,24,59,25],[47,41,12,5,22,31,37,2,3,15],[19,42,17,21,26,4],[39,60,8,30,14,20]],"fuel":2101.741216749047,"distance":1489.5838504880455},{"fuel":2096.5270548974177,"trucks":[[9,38,58,28,18,27,16],[35,7,29,32,45,50,54],[56,36,51,40,44,57,13],[47,41,12,5,22,31,37,2,3,15],[46,6,55,11,23],[49,43,10,33,52],[34,53,48,24,59,25],[19,42,17,21,26,4],[39,60,8,30,14,20]],"distance":1490.134133058011}],"Optimal":1354}