{"Optimal":1373,"front":[{"trucks":[[118,98,152,93,60,100,105,94,86,192,92,194,96],[8,124,20,108,176,12,65,50,144,37,48,169,125,47],[22,74,73,198,57,187,24,40,188,140,111,199],[145,88,173,43,143,44,16,58,179,3,116,146,42,23,134],[185,77,197,117,78,69,81,151,164,178,110,13],[28,168,128,191,32,163,102,71,31,129,21,123],[51,103,158,34,82,121,10,162,72],[80,130,170,79,35,165,136,36,137,66,67,189],[172,75,76,68,171,26,56,166,131,55,135,25,30,122],[139,155,196,150,180,5,156,181,41,153],[147,53,154,107,195,183,149,63,160,190,11,127,91],[4,159,186,52,104,161,132,33,182,64,109,2],[90,167,61,119,148,7,184,95,14,138],[112,177,133,70,89,49,83,115,9,175,46],[62,17,142,45,120,193,15,39,141,87,114,18],[157,113,97,99,38,101,6,174,85,126,200,84,19],[54,59,106,27,29]],"fuel":2118.3286173958295,"distance":1495.6572211128332},{"trucks":[[96,152,93,60,100,105,94,86,192,92,194,98,118],[8,124,20,108,176,12,65,50,144,37,48,169,125,47],[22,74,73,198,57,187,24,40,188,140,111,199],[145,88,173,43,143,44,16,58,179,3,116,146,42,23,134],[185,77,197,117,78,69,81,151,164,178,110,13],[28,168,128,191,32,163,102,71,31,129,21,123],[51,103,158,34,82,121,10,162,72],[80,130,170,79,35,165,136,36,137,66,67,189],[172,75,76,68,171,26,56,166,131,55,135,25,122,30],[139,155,196,150,180,5,156,181,41,153],[147,53,154,107,195,183,149,63,160,190,11,127,91],[4,159,186,52,104,161,132,33,182,64,109,2],[90,167,61,119,148,7,184,95,14,138],[112,177,133,70,89,49,83,115,9,175,46],[62,17,142,45,120,193,15,39,141,87,114,18],[157,113,97,99,38,101,6,174,85,126,200,84,19],[54,59,106,27,29]],"fuel":2117.4100797124333,"distance":1497.509330756823},{"trucks":[[185,117,197,78,159,4,80,130,170,79,35,165],[150,196,110,178,151,81,69,122,30,25,164,135,13],[133,70,163,102,71,123,31,21,189,129,161,132,33,91,127],[61,119,6,85,174,62,18,46,126,175,9,115],[106,41,181,22,74,73,198,57,187,24,68],[154,83,49,125,169,48,50,144,37,47,195,107],[51,103,158,34,82,121,10,162,72],[88,145,58,16,44,173,43,143,15,39,141,87,114],[184,95,96,118,98,152,93,99,94,105,100,60,7],[14,138,3,179,116,146,42,76,134,23,172,75],[11,190,109,64,182,65,12,176,108,20,124,63],[97,38,101,194,92,86,17,142,192,45,120,193],[168,128,191,32,89,149,160,183,8,200,84],[199,111,156,5,140,188,171,40,27],[139,155,77,186,136,36,137,66,67,104,52],[59,153,54,113,148,90,167,19,53,147,28],[29,112,177,2,26,56,166,131,55,180,157]],"fuel":2110.0072501333475,"distance":1517.6619794584014},{"trucks":[[185,117,197,78,159,4,80,130,170,79,35,165],[150,196,110,178,151,81,69,122,30,25,164,135,13],[133,70,163,102,71,123,31,21,189,129,161,132,33,91,127],[61,119,6,85,174,62,18,46,126,175,9,115],[106,41,181,22,74,73,198,57,187,24,68],[154,83,49,125,169,48,50,144,37,47,195,107],[51,103,158,34,82,121,10,162,72],[88,145,58,16,44,173,43,143,15,39,141,87,114],[184,95,96,118,98,152,93,99,94,105,100,60,7],[14,138,3,179,116,146,42,76,134,23,75,172],[11,190,109,64,182,65,12,176,108,20,124,63],[97,38,101,194,92,86,17,142,192,45,120,193],[168,128,191,32,89,149,160,183,8,200,84],[27,199,111,156,5,140,188,171,40],[139,155,77,186,136,36,137,66,67,104,52],[59,153,54,113,148,90,167,19,53,147,28],[29,112,177,2,26,56,166,131,55,180,157]],"fuel":2106.487764033836,"distance":1517.7566466350816},{"trucks":[[185,117,197,78,159,4,80,130,170,79,35,165],[150,196,110,178,151,81,69,122,30,25,164,135,13],[133,70,163,102,71,123,31,21,189,129,161,132,33,91,127],[61,119,6,85,174,62,18,46,126,175,9,115],[106,41,181,22,74,73,198,57,187,24,68],[195,107,154,83,49,125,169,48,50,144,37,47],[51,103,158,34,82,121,10,162,72],[88,145,58,16,44,173,43,143,15,39,141,87,114],[184,95,96,118,98,152,93,99,94,105,100,60,7],[14,138,3,179,116,146,42,23,134,76,172,75],[11,190,109,64,182,65,12,176,108,20,124,63],[38,101,194,92,86,17,142,192,45,120,193,97],[168,128,191,32,89,149,160,183,8,200,84],[27,199,111,156,5,140,188,171,40],[139,155,77,186,136,36,137,66,67,104,52],[59,153,54,113,148,90,167,19,53,147,28],[157,29,112,177,2,131,166,56,26,55,180]],"fuel":2091.8369849150804,"distance":1519.4190299190489},{"trucks":[[185,117,197,78,159,4,80,130,170,79,35,165],[150,196,110,178,151,81,69,122,30,25,164,135,13],[133,70,163,102,71,123,31,21,189,129,161,132,33,91,127],[61,119,6,85,174,62,18,46,126,175,9,115],[106,41,181,22,74,73,198,57,187,24,68],[195,107,154,83,49,125,169,48,50,144,37,47],[51,103,158,34,82,121,10,162,72],[88,145,58,16,44,173,43,143,15,39,141,87,114],[184,95,96,118,98,152,93,99,94,105,100,60,7],[14,138,3,179,116,146,42,23,134,76,172,75],[11,190,109,64,182,65,12,176,108,20,124,63],[97,38,101,194,92,86,17,142,192,45,120,193],[168,128,191,32,89,149,160,183,8,200,84],[27,199,111,156,5,140,188,171,40],[139,155,77,186,136,36,137,66,67,104,52],[59,153,54,113,148,90,167,19,53,147,28],[157,29,112,177,2,131,166,56,26,55,180]],"fuel":2090.6743440796763,"distance":1519.7211133124995}],"benchmark":"M-n200-k17"}