{"front":[{"distance":1029.824063213846,"fuel":1474.2228449382387,"trucks":[[54,60,15],[33,51,19,4],[52,17,50,25,45],[27,39,12],[6,38,21,16,58],[28,53,14,55,20],[44,43,42,57,24],[49,48,37,22],[59,11,26,13],[34,2,23,31],[3,29,30],[10,56,32,40],[5,46,35],[7,18,41],[47,9,36,8]]},{"distance":1030.0230059345135,"fuel":1472.2146479463536,"trucks":[[54,60,15],[33,51,19,4],[52,17,50,25,45],[27,39,12],[6,38,21,16,58],[28,53,14,55,20],[44,43,42,57,24],[49,48,37,22],[59,11,26,13],[34,2,23,31],[3,29,30],[10,56,32,40],[5,46,35],[18,41,7],[47,9,36,8]]},{"distance":1030.8869857322807,"fuel":1467.7879797649516,"trucks":[[54,15,60],[33,51,19,4],[52,17,50,25,45],[27,39,12],[6,38,21,16,58],[28,53,14,55,20],[44,43,42,57,24],[49,48,37,22],[59,11,26,13],[34,2,23,31],[3,29,30],[10,56,32,40],[5,46,35],[7,18,41],[47,9,36,8]]},{"distance":1031.3565730415153,"fuel":1463.5204855709617,"trucks":[[54,60,15],[33,51,19,4],[52,17,50,25,45],[27,39,12],[6,38,21,16,58],[28,53,14,55,20],[44,43,42,57,24],[49,48,37,22],[13,59,11,26],[34,2,23,31],[3,29,30],[10,56,32,40],[5,46,35],[18,41,7],[47,9,36,8]]},{"distance":1039.3861984605485,"fuel":1456.7906182924119,"trucks":[[54,15,60],[33,51,45,4],[52,17,50,25,19],[27,39,12],[6,38,21,16,58],[28,53,14,55,20],[44,43,42,57,24],[49,37,48,22],[13,59,11,26],[34,2,23,31],[3,29,30],[40,10,56,32],[5,46,35],[18,41,7],[47,9,36,8]]},{"distance":1041.6117088709873,"fuel":1453.8074846935813,"trucks":[[54,15,60],[33,51,45,4],[52,17,50,25,19],[27,39,12],[6,38,21,16,58],[28,53,14,55,20],[44,43,42,57,24],[49,22,48,37],[13,59,11,26],[34,2,23,31],[3,29,30],[40,10,56,32],[5,46,35],[18,41,7],[47,9,36,8]]},{"distance":1043.1694069290957,"fuel":1451.9276584558615,"trucks":[[54,15,60],[33,51,45,4],[52,17,50,25,19],[27,39,12],[6,38,21,16,58],[28,53,14,55,20],[44,43,42,57,24],[49,22,37,48],[13,59,11,26],[34,2,23,31],[3,29,30],[40,10,32,56],[5,46,35],[18,41,7],[47,9,36,8]]},{"distance":1044.9398839327314,"fuel":1451.6700074058533,"trucks":[[54,15,60],[4,45,33,51],[52,17,50,25,19],[27,39,12],[6,38,21,16,58],[28,53,14,55,20],[44,43,42,57,24],[49,22,48,37],[13,59,11,26],[34,2,23,30],[3,29,31],[40,10,56,32],[5,46,35],[18,41,7],[47,9,36,8]]},{"distance":1045.7464672908254,"fuel":1451.1332828349182,"trucks":[[54,15,60],[4,45,33,51],[52,17,50,25,19],[27,39,12],[6,38,21,16,58],[28,53,14,55,20],[44,43,42,57,24],[49,22,37,48],[13,59,11,26],[34,2,23,31],[3,29,30],[40,10,32,56],[5,46,35],[18,41,7],[47,9,36,8]]},{"distance":1045.9848371193573,"fuel":1450.4937453229766,"trucks":[[54,15,60],[33,51,45,4],[52,17,50,25,19],[27,39,12],[6,38,21,16,58],[28,53,14,55,20],[44,43,42,57,24],[49,22,48,37],[13,59,11,26],[34,2,23,30],[3,29,31],[40,10,32,56],[5,46,35],[18,41,7],[47,9,36,8]]},{"distance":1046.4975819908398,"fuel":1449.7901811681336,"trucks":[[54,15,60],[4,45,33,51],[52,17,50,25,19],[27,39,12],[6,38,21,16,58],[28,53,14,55,20],[44,43,42,57,24],[49,22,37,48],[13,59,11,26],[34,2,23,30],[3,29,31],[40,10,32,56],[5,46,35],[18,41,7],[47,9,36,8]]},{"distance":1048.561897481087,"fuel":1449.6993697020332,"trucks":[[54,15,60],[4,45,33,51],[52,17,50,25,19],[27,39,12],[6,38,21,16,58],[28,53,14,55,20],[44,43,42,57,24],[49,22,48,37],[13,59,11,26],[34,2,23,30],[3,29,31],[40,10,32,56],[5,46,35],[18,41,7],[47,9,36,8]]}],"Optimal":968,"benchmark":"P-n60-k15"}