{"benchmark":"P-n60-k15","Optimal":968,"front":[{"fuel":1456.0332823562303,"trucks":[[36,14,58,16,21,38],[33,51,45,4],[40,10,26,56,19],[22,48,37,6],[52,17,50,25,24,43],[27,13,41],[3,23,29,30],[54,60,15],[47,55,20,9],[59,11,32],[2,44,42,57],[35,53,28,46],[5,49,31],[8,12,39],[7,34,18]],"distance":1029.02818605608},{"fuel":1449.5433666746433,"trucks":[[36,14,58,16,21,38],[33,51,45,4],[40,10,26,56,19],[22,48,37,6],[52,17,50,25,24,43],[27,13,41],[3,23,29,30],[54,60,15],[47,9,20,55],[59,11,32],[2,44,42,57],[35,53,28,46],[5,49,31],[8,12,39],[7,34,18]],"distance":1029.2040903855693},{"fuel":1443.1085015013564,"trucks":[[36,14,58,16,21,38],[33,51,45,4],[40,10,26,56,19],[22,48,37,6],[52,17,50,25,24,43],[27,13,41],[3,23,29,30],[54,15,60],[47,9,20,55],[59,11,32],[2,44,42,57],[35,53,28,46],[5,49,31],[8,12,39],[7,34,18]],"distance":1030.2670129040039},{"fuel":1441.4545600467468,"trucks":[[36,14,58,16,21,38],[33,51,45,4],[40,10,26,56,19],[22,48,37,6],[52,17,50,25,24,43],[27,13,41],[3,23,29,30],[54,15,60],[47,9,20,55],[59,11,32],[2,44,42,57],[35,53,28,46],[5,31,49],[8,12,39],[7,34,18]],"distance":1031.4664433628323},{"fuel":1441.3185419630022,"trucks":[[36,14,58,16,21,38],[33,51,45,4],[40,10,26,56,19],[22,48,37,6],[52,17,50,25,24,43],[27,13,41],[3,29,23,30],[54,15,60],[47,9,20,55],[59,11,32],[2,44,42,57],[35,53,28,46],[5,49,31],[8,12,39],[7,34,18]],"distance":1033.2614698424493},{"fuel":1440.660184425804,"trucks":[[36,14,58,16,21,38],[4,45,33,51],[40,10,26,56,19],[22,48,37,6],[52,17,50,25,24,43],[27,13,41],[3,23,29,30],[54,15,60],[47,9,20,55],[59,11,32],[2,44,42,57],[35,53,28,46],[5,31,49],[8,12,39],[7,34,18]],"distance":1034.043503724562},{"fuel":1439.6646005083926,"trucks":[[36,14,58,16,21,38],[33,51,45,4],[40,10,26,56,19],[22,48,37,6],[52,17,50,25,24,43],[27,13,41],[3,29,23,30],[54,15,60],[47,9,20,55],[59,11,32],[2,44,42,57],[35,53,28,46],[5,31,49],[8,12,39],[7,34,18]],"distance":1034.4609003012777},{"fuel":1438.8702248874497,"trucks":[[36,14,58,16,21,38],[4,45,33,51],[40,10,26,56,19],[22,48,37,6],[52,17,50,25,24,43],[27,13,41],[3,29,23,30],[54,15,60],[47,9,20,55],[59,11,32],[2,44,42,57],[35,53,28,46],[5,31,49],[8,12,39],[7,34,18]],"distance":1037.0379606630074}]}