{"Optimal":968,"front":[{"trucks":[[23,2,44,43,42,24],[33,51,45,4],[49,48,37,22],[36,15,60,8],[17,50,25,57],[3,29,31],[40,32,26,56,19],[30,6,38,21,16],[18,52,34,7],[41,10,13],[35,53,14,28],[9,20,55,58],[59,11,39],[27,12,54],[5,46,47]],"fuel":1437.954360130892,"distance":1012.357257131454},{"trucks":[[23,2,44,43,42,24],[33,51,45,4],[49,48,37,22],[8,15,60,36],[17,50,25,57],[3,29,31],[40,32,26,56,19],[30,6,38,21,16],[18,52,34,7],[41,10,13],[35,53,14,28],[9,20,55,58],[59,11,39],[27,12,54],[5,46,47]],"fuel":1434.1153574961388,"distance":1012.455379481508},{"trucks":[[23,2,44,43,42,24],[33,51,45,4],[49,48,37,22],[8,36,15,60],[17,50,25,57],[3,29,31],[40,32,26,56,19],[30,6,38,21,16],[18,52,34,7],[41,10,13],[35,53,14,28],[9,20,55,58],[59,11,39],[27,12,54],[5,46,47]],"fuel":1430.68235119671,"distance":1013.3351349472638},{"trucks":[[23,2,44,43,42,24],[4,45,33,51],[49,48,37,22],[8,54,15,36],[17,50,25,57],[3,29,31],[40,32,26,56,19],[30,6,38,21,16],[18,52,34,7],[41,10,13],[35,47,53,14],[9,20,55,58],[59,11,39],[27,12,60],[5,46,28]],"fuel":1428.2610930716914,"distance":1019.7089417486187},{"trucks":[[2,44,24,42,43,23],[33,51,45,4],[49,22,37,48],[8,54,15,36],[17,50,25,57],[3,29,31],[13,32,26,56,19],[30,6,38,21,16],[18,52,34,7],[41,10,40],[35,47,53,14],[9,20,55,58],[59,11,39],[27,12,60],[5,46,28]],"fuel":1426.8923121924806,"distance":1021.2152515041502},{"trucks":[[2,44,24,42,43,23],[33,51,45,4],[49,22,48,37],[8,54,15,36],[17,50,25,57],[3,29,31],[13,32,26,56,19],[30,6,38,21,16],[18,52,34,7],[41,10,40],[35,47,53,14],[9,20,55,58],[59,11,39],[27,12,60],[5,46,28]],"fuel":1426.8015007263803,"distance":1023.2795669943974},{"trucks":[[2,23,43,42,44,24],[4,45,33,51],[49,22,48,37],[8,54,15,36],[17,50,25,57],[3,29,31],[13,32,26,56,19],[30,6,38,21,16],[18,52,34,7],[41,10,40],[35,47,53,14],[9,20,55,58],[59,11,39],[27,12,60],[5,46,28]],"fuel":1423.2792022696653,"distance":1023.3949531646957}],"benchmark":"P-n60-k15"}