{"Optimal":744,"front":[{"distance":795.6292810285294,"fuel":1101.3869414246797,"trucks":[[5,46,30,6,37,38,16],[28,14,58,21,60,22],[18,4,33,51,19,56,26],[7,34,2,44,42,43,23],[59,11,39,12],[52,17,24,57,50,25,45],[35,47,9,20,55,53],[31,49,48,29,3],[41,10,32,40,13],[27,8,54,15,36]]},{"fuel":1099.559124446308,"distance":797.054689168835,"trucks":[[5,46,30,6,37,38,16],[28,14,58,21,60,22],[18,4,33,51,19,56,26],[7,34,2,44,42,43,23],[59,11,39,12],[52,17,24,57,50,25,45],[35,47,9,20,55,53],[31,49,48,29,3],[41,10,40,32,13],[27,8,54,15,36]]},{"fuel":1099.5575024438233,"distance":798.651214552402,"trucks":[[5,46,30,6,37,38,16],[28,14,58,21,60,22],[18,4,33,51,19,56,26],[7,34,2,44,42,43,23],[59,11,39,12],[52,17,24,57,50,25,45],[35,47,9,20,55,53],[31,49,48,29,3],[13,41,10,32,40],[27,8,54,15,36]]},{"distance":799.8015458869114,"fuel":1097.2645542409477,"trucks":[[5,46,30,6,37,38,16],[28,14,58,21,60,22],[18,4,33,51,19,56,26],[7,34,2,44,42,43,23],[59,11,39,12],[52,17,24,57,50,25,45],[35,47,9,20,55,53],[31,49,48,29,3],[13,41,10,40,32],[27,8,54,15,36]]}],"benchmark":"P-n60-k10"}