{"benchmark":"A-n60-k9","Optimal":1354,"front":[{"trucks":[[47,41,12,5,22,54,31,50,45],[14,9,58,38,18,28,20],[51,44,57,13,52,10,33],[36,56,40,16,27,30,8],[43,46,6,55,11],[49,23,37,2,3],[15,48,24,59,25],[42,34,39,60,53,19],[26,35,7,29,32,4,21,17]],"distance":1415.7227151921593,"fuel":1999.7761138984347},{"distance":1416.077419423675,"fuel":1996.8130944895747,"trucks":[[47,41,12,5,22,54,31,50,45],[14,9,58,38,18,28,20],[51,44,57,13,52,10,33],[36,56,40,16,27,30,8],[46,43,6,55,11],[49,23,37,2,3],[15,48,24,59,25],[42,34,39,60,53,19],[26,35,7,29,32,4,21,17]]},{"distance":1417.1020260248479,"trucks":[[47,41,12,5,22,54,31,50,45],[20,14,9,58,38,18,28],[51,44,57,13,52,10,33],[36,56,40,16,27,30,8],[46,43,6,55,11],[49,23,37,2,3],[15,48,24,59,25],[42,34,39,60,53,19],[26,35,7,29,32,4,21,17]],"fuel":1996.484019423392},{"fuel":1994.552314037001,"distance":1418.979368010026,"trucks":[[47,41,12,5,22,54,31,50,45],[14,9,58,38,18,28,20],[16,44,57,13,52,10,33],[36,56,51,40,27,30,8],[46,43,6,55,11],[3,2,49,23,37],[15,48,24,59,25],[42,34,39,60,53,19],[26,35,7,29,32,4,21,17]]},{"fuel":1994.2232389708183,"trucks":[[47,41,12,5,22,54,31,50,45],[20,14,9,58,38,18,28],[16,44,57,13,52,10,33],[36,56,51,40,27,30,8],[46,43,6,55,11],[3,2,49,23,37],[15,48,24,59,25],[42,34,39,60,53,19],[26,35,7,29,32,4,21,17]],"distance":1420.0039746111984},{"fuel":1992.9942575605269,"trucks":[[47,41,12,5,22,54,31,50,45],[14,9,58,38,18,28,20],[16,44,57,13,52,10,33],[36,56,51,40,27,30,8],[46,43,6,55,11],[3,2,49,23,37],[15,48,24,59,25],[42,34,53,60,39,19],[26,35,7,29,32,4,21,17]],"distance":1420.3856840882224},{"distance":1421.410290689395,"trucks":[[47,41,12,5,22,54,31,50,45],[20,14,9,58,38,18,28],[16,44,57,13,52,10,33],[36,56,51,40,27,30,8],[46,43,6,55,11],[3,2,49,23,37],[15,48,24,59,25],[42,34,53,60,39,19],[26,35,7,29,32,4,21,17]],"fuel":1992.6651824943442}]}