{"Optimal":588,"benchmark":"P-n55-k8","front":[{"fuel":877.768741036125,"trucks":[[46,30,6,16,21,38,37,48,22],[13,33,26,51,19,25,50,4,45],[35,53,28,14,55,20,36,9,47],[34,17,24,2,44,42,43,23,29],[41,10,40,32,11,39],[5,49,31,3,7,52,18],[27,8,54,12,15],[]],"distance":614.9940329946339},{"fuel":874.6613912771729,"trucks":[[46,30,6,16,21,38,37,48,22],[13,33,26,51,19,25,50,4,45],[35,47,9,36,20,55,14,28,53],[34,17,24,2,44,42,43,23,29],[41,10,40,32,11,39],[5,49,31,3,7,52,18],[27,8,54,12,15],[]],"distance":615.7197607533661},{"fuel":874.4765662073855,"trucks":[[46,30,6,16,21,38,37,48,22],[13,33,51,26,19,25,50,4,45],[35,47,9,36,20,55,14,28,53],[34,17,24,2,44,42,43,23,29],[41,10,40,32,11,39],[5,49,31,3,7,52,18],[27,8,54,12,15],[]],"distance":616.5661963846203},{"fuel":874.0255580575167,"trucks":[[46,30,6,16,21,38,37,48,22],[13,33,26,51,19,25,50,4,45],[35,47,53,28,14,55,20,36,9],[34,17,24,2,44,42,43,23,29],[41,10,40,32,11,39],[5,49,31,3,7,52,18],[27,8,54,12,15],[]],"distance":617.3890134304771},{"fuel":873.3070137806085,"trucks":[[46,30,6,16,21,38,37,48,22],[13,33,26,51,19,25,50,4,45],[35,47,9,36,20,55,14,28,53],[7,17,24,2,44,42,43,23,29],[41,10,40,32,11,39],[5,31,49,3,34,52,18],[27,8,54,12,15],[]],"distance":617.5332196185352},{"fuel":871.6315875982953,"trucks":[[46,30,6,16,21,38,37,48,22],[13,33,26,51,19,25,50,4,45],[35,47,9,36,20,55,14,28,53],[7,29,23,43,42,44,2,24,17],[41,10,40,32,11,39],[5,31,49,3,34,52,18],[27,8,54,12,15],[]],"distance":618.3796513288987},{"fuel":871.0416763882702,"trucks":[[46,30,6,16,21,38,37,48,22],[13,33,26,51,19,25,50,4,45],[35,47,53,28,14,55,20,36,9],[7,29,23,43,42,44,2,24,17],[41,10,40,32,11,39],[5,49,31,3,34,52,18],[27,8,54,12,15],[]],"distance":619.1471806119931},{"fuel":870.995754378639,"trucks":[[46,30,6,16,21,38,37,48,22],[13,33,26,51,19,25,50,4,45],[35,47,53,28,14,55,20,36,9],[7,29,23,43,42,44,2,24,17],[41,10,40,32,11,39],[5,31,49,3,34,52,18],[27,8,54,12,15],[]],"distance":620.0489040060097},{"fuel":870.8109293088517,"trucks":[[46,30,6,16,21,38,37,48,22],[13,33,51,26,19,25,50,4,45],[35,47,53,28,14,55,20,36,9],[7,29,23,43,42,44,2,24,17],[41,10,40,32,11,39],[5,31,49,3,34,52,18],[27,8,54,12,15],[]],"distance":620.8953396372638}]}