{"Optimal":696,"benchmark":"P-n50-k10","front":[{"distance":754.1881480381895,"fuel":1055.3600357980524,"trucks":[[31,49,22,29],[27,13,11,32],[40,10,26,19,33],[17,24,42,43,44,2,23],[8,36,20,15,39],[41,45,4,50,25],[35,47,9,12],[18,7,3,34],[6,16,21,38,37,48],[5,28,14,30,46]]},{"fuel":1052.2916270505684,"trucks":[[40,10,26,19,33],[5,28,14,46,30],[17,24,42,43,44,2,23],[8,36,20,15,39],[6,48,37,38,21,16],[41,45,4,50,25],[27,13,11,32],[35,47,9,12],[7,3,34,18],[31,49,22,29]],"distance":755.2854003271108},{"fuel":1049.973951728204,"distance":756.9915329594693,"trucks":[[40,10,26,19,33],[5,28,14,6,30],[17,24,42,43,44,2,23],[8,36,20,15,39],[46,48,37,38,21,16],[41,45,4,50,25],[27,13,11,32],[35,47,9,12],[18,7,34,3],[31,49,22,29]]}]}