{"benchmark":"A-n53-k7","Optimal":1010,"front":[{"trucks":[[2,38,3,43,49,46,23],[10,42,12,25,53,14,35],[6,4,40,26,15,22,18],[48,8,13,17,33,16,20,24,44,51,37],[39,19,41,27,11,50,30,45,31],[34,7,21,32,29,5],[52,47,9,36,28]],"distance":1068.1075009900087,"fuel":1519.6170404701782},{"trucks":[[2,23,46,49,43,3,38],[10,42,12,25,53,14,35],[6,4,40,26,15,22,18],[48,8,13,17,33,16,20,24,44,51,37],[39,19,41,27,11,50,30,45,31],[34,7,21,32,29,5],[52,47,9,36,28]],"distance":1068.4390555232733,"fuel":1519.3487628036785},{"trucks":[[2,23,46,49,43,3,38],[10,42,12,25,53,14,35],[6,4,40,26,15,22,18],[48,8,13,17,33,16,20,24,44,51,37],[39,19,41,27,11,50,30,45,31],[34,21,7,32,29,5],[52,47,9,36,28]],"distance":1069.5163585883422,"fuel":1519.261620810924}]}