{"benchmark":"B-n67-k10","Optimal":1032,"front":[{"fuel":1540.3631994500474,"trucks":[[33,66,38,24,9,60,30],[40,43,35,7,65,41,45],[59,57,16,56,55,23,53,46,13],[63,62,31,58,4,61],[18,39,11,28,44,42,17],[15,51,12,36,50,2,5,47],[67,52,25,8,21,20],[6,29,14,22,26,64],[34,48,3,27,19,32],[49,10,54,37]],"distance":1110.0074890780802},{"distance":1113.6633661440744,"fuel":1540.2593913347027,"trucks":[[30,60,66,38,24,9,33],[40,43,45,41,65,35,7],[59,16,57,56,55,23,53,46,13],[63,62,31,58,4,61],[18,39,11,28,44,42,17],[15,51,12,36,50,2,5,47],[67,52,25,8,21,20],[14,29,6,22,26,64],[34,48,3,27,19,32],[49,10,54,37]]},{"fuel":1540.1592862077564,"trucks":[[30,60,66,38,24,9,33],[40,43,45,41,65,35,7],[59,57,16,56,55,23,53,46,13],[63,62,31,58,4,61],[18,39,11,28,44,42,17],[15,51,12,36,50,2,5,47],[67,52,25,8,21,20],[6,29,14,22,26,64],[34,48,3,27,19,32],[49,10,54,37]],"distance":1114.242799226429}]}