{"benchmark":"B-n67-k10","Optimal":1032,"front":[{"trucks":[[59,57,16,56,55,23,53,46,13],[17,42,52,60,25,30],[63,62,31,58,4,61],[40,43,35,7,65,41,45],[15,51,12,36,50,2,5,47],[18,11,28,44,67,3],[14,29,6,22,26,64],[39,8,21,20,37,54],[48,34,19,32,49,10],[27,66,38,24,9,33]],"distance":1107.100659689802,"fuel":1546.2972991463894},{"distance":1107.6800927721565,"fuel":1546.1971940194428,"trucks":[[59,16,57,56,55,23,53,46,13],[17,42,52,60,25,30],[63,62,31,58,4,61],[40,43,35,7,65,41,45],[15,51,12,36,50,2,5,47],[18,11,28,44,67,3],[6,29,14,22,26,64],[39,8,21,20,37,54],[48,34,19,32,49,10],[27,66,38,24,9,33]]}]}