{"Optimal":909,"benchmark":"B-n44-k7","front":[{"trucks":[[21,4,34,28,32,44],[18,6,41,13,29,26,2],[10,24,11],[7,22,35,14,38,42],[5,9,23,39,31,43],[8,17,19,30,33,20],[16,36,40,25,15,3,37,27,12]],"distance":950.8387528866053,"fuel":1369.0784250913334},{"trucks":[[21,4,34,44,32,28],[6,18,41,2,26,13,29],[10,24,11],[22,7,14,38,42,35],[5,23,39,31,43,9],[8,17,19,30,33,20],[16,36,25,40,3,37,15,27,12]],"distance":952.8988583092284,"fuel":1368.6845927380868},{"trucks":[[21,4,34,44,32,28],[6,18,41,2,26,13,29],[10,24,11],[22,7,35,14,38,42],[5,9,23,43,31,39],[8,17,19,30,33,20],[16,36,15,3,37,40,25,27,12]],"distance":953.2936657322809,"fuel":1364.7749713496926}]}