{"front":[{"distance":662.0172769791051,"fuel":937.1273729562369,"trucks":[[13,40,10,26,19,25,50],[35,47,9,20,15,36],[41,32,33,45,4,24],[30,6,37,38,21,16,14,28],[17,34,2,44,42,43,23],[46,49,48,22,29],[27,8,12,39,11],[5,31,3,7,18]]},{"fuel":934.9908721846971,"distance":664.0445535477444,"trucks":[[13,40,10,26,19,25,50],[35,47,9,20,15,36],[41,32,33,45,4,24],[30,6,37,38,21,16,14,28],[7,34,2,44,42,43,23],[46,49,48,22,29],[27,11,39,12,8],[5,31,3,17,18]]},{"fuel":934.4586977158293,"trucks":[[13,40,10,26,19,25,50],[35,47,9,20,15,36],[41,32,33,45,4,24],[30,6,37,38,21,16,14,28],[7,34,2,44,42,43,23],[46,49,48,22,29],[27,8,12,39,11],[5,31,3,17,18]],"distance":665.7262913313087}],"benchmark":"P-n50-k8","Optimal":631}