{"front":[{"trucks":[[46,16,12,32,7,4],[42,18,35,37,39,13,54,19],[51,53,23,43,15,40,31,3,2],[57,27,20,52,10,9,29,26,25,17],[47,24,6,14,34,45,50,49,28],[56,38,8,44,21,48,33],[55,36,41,30,5,11,22]],"distance":1209.742398032154,"fuel":1748.0882136228784},{"distance":1210.0496115649053,"fuel":1747.9180992396614,"trucks":[[46,16,12,32,7,4],[19,42,18,35,37,39,13,54],[51,53,23,43,15,40,31,3,2],[57,27,20,52,10,9,29,26,25,17],[47,24,6,14,34,45,50,49,28],[56,38,8,44,21,48,33],[55,36,41,30,5,11,22]]},{"fuel":1747.319594345583,"trucks":[[46,16,12,32,7,4],[42,18,35,39,37,54,13,19],[51,53,31,23,43,40,15,3,2],[17,57,27,20,52,10,9,29,26],[24,47,28,34,14,6,45,50,49],[56,38,8,44,21,48,33],[55,36,41,30,5,25,11,22]],"distance":1211.69653527568},{"trucks":[[46,16,12,32,7,4],[42,18,35,39,37,54,13,19],[51,53,31,43,23,15,40,3,2],[17,57,27,20,52,10,9,29,26],[24,47,28,34,14,6,45,50,49],[56,38,8,44,21,48,33],[55,36,41,30,5,25,11,22]],"distance":1211.7256777276016,"fuel":1746.6251700506914},{"trucks":[[46,16,12,32,7,4],[19,42,18,35,39,37,13,54],[51,53,31,43,23,15,40,3,2],[17,57,27,20,52,10,9,29,26],[24,47,28,34,14,6,45,50,49],[56,38,8,44,21,48,33],[55,36,41,30,5,25,11,22]],"distance":1212.032891260353,"fuel":1746.455055667474},{"trucks":[[46,16,12,32,7,4],[54,13,37,39,35,18,42,17],[51,53,31,43,23,40,15,3,2],[57,19,27,20,52,10,9,26,29],[24,47,28,34,14,6,45,50,49],[56,38,8,44,21,48,33],[55,36,41,30,5,25,11,22]],"distance":1212.3942550005243,"fuel":1746.4395604822025},{"trucks":[[46,16,12,32,7,4],[54,13,37,39,35,18,42,17],[51,53,31,43,23,15,40,3,2],[57,19,27,20,52,10,9,29,26],[24,47,28,34,14,6,45,50,49],[56,38,8,44,21,48,33],[55,36,41,30,5,25,11,22]],"distance":1212.423397452446,"fuel":1745.7451361873104},{"distance":1213.679195465905,"fuel":1745.1181484905028,"trucks":[[46,16,12,32,7,4],[42,18,35,39,37,13,54,19],[51,53,31,43,23,15,40,3,2],[57,27,20,52,10,9,29,26,17],[24,47,28,34,14,6,45,50,49],[56,38,8,44,21,48,33],[55,36,41,30,5,25,11,22]]},{"fuel":1744.9480341072854,"trucks":[[46,16,12,32,7,4],[19,42,18,35,39,37,13,54],[51,53,31,43,23,15,40,3,2],[57,27,20,52,10,9,29,26,17],[24,47,28,34,14,6,45,50,49],[56,38,8,44,21,48,33],[55,36,41,30,5,25,11,22]],"distance":1213.9864089986563},{"fuel":1744.382429846702,"distance":1216.6140734539654,"trucks":[[46,7,32,12,16,4],[42,18,35,39,37,13,54,19],[51,53,31,23,43,40,15,3,2],[57,27,20,52,10,9,29,26,17],[47,24,28,14,34,6,45,50,49],[56,38,8,44,21,48,33],[55,36,41,30,5,25,11,22]]},{"distance":1216.643215905887,"trucks":[[46,7,32,12,16,4],[42,18,35,37,39,13,54,19],[51,53,31,43,23,15,40,3,2],[57,27,20,52,10,9,29,26,17],[24,47,28,34,14,6,45,50,49],[56,38,8,44,21,48,33],[55,36,41,30,5,25,11,22]],"fuel":1743.6880055518104},{"distance":1216.9504294386384,"fuel":1743.5178911685935,"trucks":[[46,7,32,12,16,4],[19,42,35,18,37,39,54,13],[51,53,31,43,23,15,40,3,2],[57,27,20,52,10,9,26,29,17],[47,24,28,34,14,6,45,50,49],[56,38,8,44,21,48,33],[55,36,41,30,5,25,11,22]]}],"Optimal":1153,"benchmark":"B-n57-k7"}