{"benchmark":"B-n57-k7","Optimal":1153,"front":[{"distance":1182.2347731545156,"fuel":1722.898633880876,"trucks":[[49,46,12,7,32,16],[19,13,54,37,39,52,10,9,29,26],[34,14,4,11,22,45,50,28],[51,53,23,43,15,40,8,38],[2,56,3,31,44,21,48,33],[57,27,20,42,18,35,25,17],[55,36,41,30,5,24,47,6]]},{"distance":1191.1636986383508,"trucks":[[7,32,12,16,46,49],[19,54,13,37,39,52,10,9,29,26],[28,34,14,50,45,22,11,4],[51,53,23,43,15,40,38,8],[2,56,3,31,44,21,48,33],[57,27,20,42,35,18,25,17],[55,36,41,30,5,24,47,6]],"fuel":1722.0866916787304},{"distance":1191.4544370734675,"fuel":1722.0024445188967,"trucks":[[49,7,32,12,16,46],[19,54,13,37,39,52,10,9,29,26],[28,34,14,50,45,22,11,4],[51,53,23,43,15,40,38,8],[2,56,3,31,44,21,48,33],[57,27,20,42,35,18,25,17],[55,36,41,30,5,24,47,6]]}]}