{"front":[{"trucks":[[6,37,41,17,3,39,35,11,18],[5,12,44,29,27,15,7],[16,48,46,23,25,31,47],[42,33,38,28,32,13,9],[36,4,20,34,8,43],[24,51,26,50,10,21,22,45,2,49],[19,14,30,40]],"fuel":1574.9375072804687,"distance":1091.0260254467294},{"trucks":[[24,51,26,50,10,2,21,22,45,49],[6,37,41,17,3,39,35,11,18],[5,12,44,29,27,15,7],[36,4,20,34,8,43],[16,48,46,23,25,31,47],[19,40,30,14],[42,33,38,32,28,9,13]],"fuel":1574.5165556059887,"distance":1091.471847955486},{"trucks":[[6,37,41,17,18,11,3,39,35],[24,51,26,50,10,2,21,45,22,49],[36,4,20,34,8,43],[42,33,38,28,32,13,9],[5,12,44,27,29,15,7],[16,48,46,23,25,31,47],[19,14,30,40]],"fuel":1569.2431077363212,"distance":1091.9043903033244},{"trucks":[[36,4,20,34,8,43],[16,48,46,23,25,31,47],[24,51,26,50,10,2,21,45,22,49],[6,37,41,17,18,11,3,39,35],[42,33,38,28,32,13,9],[19,14,30,40],[12,5,44,27,29,15,7]],"fuel":1568.229122941214,"distance":1092.06455233667},{"trucks":[[5,12,44,27,29,15,7],[42,33,38,28,32,13,9],[36,4,20,34,8,43],[6,37,41,17,18,11,3,39,35],[24,51,26,50,10,21,22,45,2,49],[19,40,30,14],[16,48,46,23,25,31,47]],"fuel":1567.4043148004375,"distance":1092.535809157022}],"benchmark":"B-n51-k7","Optimal":1032}