{"benchmark":"P-n51-k10","front":[{"fuel":1074.5595143712167,"trucks":[[28,49,8,44,24],[14,42,20,41,43],[15,26,25,7],[50,11,40,34,46,16],[47,9,27,32,29,23,2],[48,5,19],[3,30,22,35,51],[33,21,36,37,4],[12,17,31,10,39],[13,18,45,38,6]],"distance":749.2655484807143},{"fuel":1074.3679561933482,"trucks":[[28,49,8,44,24],[14,42,20,41,43],[47,15,26,25,7],[50,11,40,34,46,16],[9,27,32,29,23,2],[48,5,19],[3,30,22,35,51],[33,21,36,37,4],[12,17,31,10,39],[13,6,38,45,18]],"distance":752.8707408330966},{"fuel":1073.2338386492647,"trucks":[[28,49,24,8,44],[14,42,20,41,43],[15,26,25,7],[50,11,40,34,46,16],[47,9,27,32,29,23,2],[48,5,19],[3,30,22,35,51],[33,21,36,37,4],[12,17,10,31,39],[13,18,45,38,6]],"distance":753.6011549371624},{"fuel":1069.3202054401654,"trucks":[[28,49,24,8,44],[14,42,20,41,43],[15,26,25,7],[50,11,40,34,46,16],[47,2,23,29,32,27,9],[48,5,19],[3,30,22,35,51],[33,21,36,37,4],[12,17,10,31,39],[13,6,38,45,18]],"distance":755.1293134373972},{"fuel":1068.256313079299,"trucks":[[28,49,24,8,44],[14,42,41,20,43],[7,15,26,25],[50,11,40,34,46,16],[47,2,23,29,32,27,9],[48,5,19],[3,30,22,35,51],[33,21,36,37,4],[12,17,10,31,39],[13,6,38,45,18]],"distance":757.5803404136501},{"fuel":1067.5799461001486,"trucks":[[28,49,24,8,44],[14,42,20,41,43],[7,15,26,25],[50,11,40,34,46,16],[47,2,23,29,32,27,9],[48,5,19],[3,30,22,35,51],[33,21,36,37,4],[12,17,10,31,39],[13,6,38,45,18]],"distance":758.4457131972086},{"fuel":1067.3829774492917,"trucks":[[28,49,24,8,44],[14,42,20,41,43],[7,15,26,25],[50,11,40,34,46,16],[47,2,23,29,32,27,9],[48,19,5],[3,30,22,35,51],[33,21,36,37,4],[12,17,10,31,39],[13,6,38,45,18]],"distance":761.1375487434524}],"Optimal":741}