{"benchmark":"P-n51-k10","front":[{"distance":763.9992444220015,"fuel":1093.2318121568403,"trucks":[[50,11,40,34,46,16],[10,31,35,51,22,30],[49,27,8,44,25,24],[47,21,36,37,4,2],[28,7,15,26],[5,42,43,45,38,18],[33,23,29,32,9],[19,14,41,20],[12,3,17,39],[48,13,6]]},{"distance":766.2033825764407,"fuel":1089.1911675750616,"trucks":[[50,11,40,34,46,16],[10,31,35,51,22,30],[49,24,25,44,8,27],[47,21,36,37,4,2],[28,7,15,26],[5,42,43,45,38,18],[33,23,29,32,9],[19,14,41,20],[12,3,17,39],[48,13,6]]},{"distance":770.0507969072574,"fuel":1088.7945131050599,"trucks":[[50,11,40,34,46,16],[10,31,35,51,22,30],[49,24,25,44,8,27],[47,21,36,37,4,23],[28,7,15,26],[5,42,43,45,38,18],[33,2,9,32,29],[19,14,41,20],[12,3,17,39],[48,13,6]]}],"Optimal":741}