{"Optimal":741,"front":[{"trucks":[[45,16,46,34,40,11],[49,27,8,44,25,24],[51,10,31,35,22,30],[14,42,41,20,43],[47,21,36,37,4,23],[13,5,18,38,6,2],[3,29,32,9],[33,12,17,50,39],[28,7,15,26],[48,19]],"fuel":1134.468912135295,"distance":789.3314559826941},{"trucks":[[45,16,46,34,40,11],[49,27,8,44,25,24],[51,10,31,35,22,30],[14,42,20,41,43],[47,21,36,37,4,23],[13,5,18,38,6,2],[3,29,32,9],[33,12,17,50,39],[28,7,15,26],[48,19]],"fuel":1133.7925451561446,"distance":790.1968287662527},{"trucks":[[45,16,46,34,40,11],[49,24,25,44,8,27],[51,10,31,35,22,30],[14,42,41,20,43],[47,21,36,37,4,23],[13,5,18,38,6,2],[3,29,32,9],[33,12,17,50,39],[28,7,15,26],[48,19]],"fuel":1130.4282675535164,"distance":791.5355941371332},{"trucks":[[45,16,46,34,40,11],[49,24,25,44,8,27],[10,31,35,22,30,51],[14,42,20,41,43],[47,23,4,37,36,21],[13,5,18,38,6,2],[3,29,32,9],[33,12,17,39,50],[28,7,15,26],[48,19]],"fuel":1129.6940037756663,"distance":794.1627318415561},{"trucks":[[45,16,46,34,40,11],[49,24,25,44,8,27],[10,31,35,22,30,51],[14,42,20,41,43],[47,23,21,36,37,4],[13,5,18,38,6,2],[3,29,32,9],[33,12,17,50,39],[28,7,15,26],[48,19]],"fuel":1129.0149243275132,"distance":795.6571590167192},{"trucks":[[45,16,46,34,40,11],[49,24,25,44,8,27],[10,31,35,22,30,51],[14,42,20,41,43],[47,23,21,36,37,4],[13,5,18,38,6,2],[3,29,32,9],[33,12,17,39,50],[28,7,15,26],[48,19]],"fuel":1128.9329646232625,"distance":797.0971523172187}],"benchmark":"P-n51-k10"}