{"Optimal":1272,"front":[{"distance":1316.759155372722,"trucks":[[68,43,37,33,7,59,11,25,19,29],[32,36,61,5,2,34,57,16],[41,56,24,40,12,4,30],[13,46,49,10,35,45,60,17],[18,21,58,52,62,27],[65,8,47,6,15,63,55,22,31,53],[50,23,3,9,38,42],[28,67,14,44,66,48],[26,51,39,54,20,64]],"fuel":1881.811814009239},{"fuel":1878.555829160195,"trucks":[[30,43,37,33,7,59,11,25,19,29],[32,36,61,5,2,34,57,16],[41,56,24,40,12,4,68],[13,46,49,10,35,45,60,17],[18,21,58,52,62,27],[65,8,47,6,15,63,55,22,31,53],[50,23,3,9,38,42],[28,67,14,44,66,48],[26,51,39,54,20,64]],"distance":1317.1094910761833},{"fuel":1878.014545870495,"trucks":[[30,43,37,33,7,59,11,25,19,29],[32,36,61,5,2,34,57,16],[41,56,40,24,12,4,68],[13,46,49,10,35,45,60,17],[18,21,58,52,62,27],[65,8,47,6,15,63,55,22,31,53],[50,23,3,9,42,38],[28,67,14,44,66,48],[20,51,39,54,26,64]],"distance":1317.1786644632232},{"trucks":[[30,43,37,33,7,59,11,25,19,29],[32,36,61,5,2,57,34,16],[41,56,24,40,12,4,68],[13,46,49,10,35,45,17,60],[18,21,27,62,52,58],[65,8,47,6,15,63,55,22,31,53],[50,23,3,9,38,42],[28,67,14,44,66,48],[26,51,39,54,20,64]],"distance":1317.5961214297463,"fuel":1877.6923339697612},{"fuel":1877.3319257472524,"distance":1317.8308076570975,"trucks":[[30,43,37,33,7,59,11,25,19,29],[32,36,61,5,2,57,16],[41,56,24,40,12,4,68],[13,46,49,10,35,45,17,60],[34,18,21,27,62,52,58],[65,8,47,6,15,63,55,22,31,53],[50,23,3,9,38,42],[28,67,14,44,66,48],[26,51,39,54,20,64]]}],"benchmark":"B-n68-k9"}