{"front":[{"distance":1644.0026035438939,"fuel":2356.7154910958525,"trucks":[[43,12,15,35,45,14,8],[57,23,41,33,7],[44,55,53,25,46],[21,17,24,27,40],[5,31,50,39,49,13],[9,16,52,26,38,3,20],[6,48,37,22,42,30,54],[4,51,56,32,18,11,47],[36,34,2,28,19,29,10]]},{"trucks":[[43,12,15,35,45,14,8],[57,23,41,33,7],[44,55,53,25,46],[21,17,24,27,40],[5,31,50,39,49,13],[9,16,52,26,38,3,20],[6,48,37,22,42,30,54],[4,51,47,56,32,18,11],[36,34,2,28,19,29,10]],"fuel":2355.0672279154865,"distance":1644.7031934670106},{"trucks":[[43,12,15,35,45,14,8],[57,23,41,33,7],[44,55,53,25,46],[21,17,24,27,40],[5,31,50,39,49,13],[9,16,52,26,38,3,20],[6,48,37,22,42,30,54],[4,51,47,11,18,32,56],[36,34,2,28,19,29,10]],"distance":1644.9166998138655,"fuel":2354.5434840585435},{"fuel":2353.7908424790157,"trucks":[[43,12,15,35,45,14,8],[57,23,41,33,7],[44,55,53,25,46],[21,17,24,27,40],[5,31,50,39,49,13],[9,16,52,26,38,3,20],[6,48,37,22,42,30,54],[4,47,11,18,32,56,51],[36,34,2,28,19,29,10]],"distance":1644.9741740941142},{"trucks":[[4,51,47,11,18,32,56],[15,35,45,14,17,3],[38,24,27,40,20],[31,36,34,43,12,21,8],[7,23,57],[6,48,37,22,42,52,26,16,9],[44,55,53,25,46],[30,54,5,50,39,49,13],[33,41,10,29,19,28,2]],"fuel":2338.59633181303,"distance":1652.2781209531465}],"benchmark":"B-n57-k9","Optimal":1598}